727
537
665
999
32
395
131
316
260
291
875
528
718
965
962
632
328
286
32
707
407
40
703
182
857
30
847
960
231
671
415
62
51
412
17
143
425
533
857
474
738
831
593
642
629
170
158
483
275
418
202
806
239
465
574
444
816
779
126
70
57
540
24
369
351
178
873
886
274
8
96
209
825
926
607
397
529
411
14
334
554
58
618
459
57
375
731
366
785
549
863
182
520
719
51
133
179
543
195
526
545
61
986
799
740
653
235
165
558
972
930
58
76
640
810
724
312
125
984
686
823
422
926
596
842
701
809
511
53
661
804
294
975
817
456
453
124
604
459
100
302
441
63
23
119
167
732
284
329
138
171
964
245
414
35
181
771
430
806
252
388
35
222
176
376
245
55
668
549
117
708
919
167
969
51
97
156
334
562
252
52
14
850
276
421
600
366
540
38
418
260
762
715
913
620
735
195
602
503
615
188
50
671
326
528
3
328
21
421
952
501
648
542
476
216
238
394
344
555
309
194
688
569
372
924
673
686
499
748
432
76
981
478
678
502
61
18
205
328
324
846
377
414
847
191
870
415
265
776
730
189
222
50
179
278
279
548
551
126
881
563
636
140
927
97
927
699
691
647
470
718
273
371
400
273
101
547
15
571
140
569
509
622
430
884
201
720
493
337
770
605
110
912
644
803
989
832
318
259
905
192
697
741
679
38
803
286
935
417
543
921
748
166
203
306
48
445
130
237
632
224
35
106
163
748
71
290
680
323
384
658
558
219
236
156
967
562
749
475
534
79
211
212
110
785
660
349
353
715
865
876
965
432
761
989
63
497
179
524
841
248
981
238
709
525
451
955
306
610
111
687
907
707
71
242
148
163
318
341
809
657
569
578
8
294
986
729
777
59
262
95
707
570
971
559
452
530
404
807
875
375
886
465
667
352
852
978
121
641
959
788
720
646
356
244
698
27
717
74
560
118
293
758
632
103
6
508
285
760
148
81
727
304
701
854
918
359
374
998
731
559
488
382
630
559
866
131
959
370
565
714
309
117
233
3
300
584
622
175
264
828
992
185
430
180
967
596
484
706
96
960
910
41
133
50
876
85
307
709
885
254
282
603
357
343
596
237
631
87
458
753
949
71
263
899
638
11
158
353
139
150
973
314
187
857
624
748
742
746
846
816
883
516
457
421
792
988
489
847
464
318
305
764
768
72
499
170
68
291
339
700
765
31
126
934
385
268
169
967
225
486
648
671
524
691
209
140
125
27
767
259
942
467
362
993
131
947
639
578
923
600
322
985
996
167
703
737
594
613
452
933
468
678
879
846
231
757
323
8
9
220
994
675
347
497
470
221
522
813
135
507
93
380
974
766
280
972
449
192
293
724
698
157
944
375
91
998
746
787
67
876
749
106
500
68
386
435
158
947
903
714
60
868
845
604
90
919
211
407
842
683
924
503
110
16
943
358
563
712
468
887
812
812
373
398
167
616
937
195
805
716
17
761
830
819
669
922
518
924
117
412
936
101
637
836
78
627
296
1
1
678
934
341
350
105
189
496
588
85
36
690
854
253
18
917
167
926
362
986
906
872
374
694
59
209
943
562
72
334
436
598
96
326
679
857
206
279
68
3
169
537
11
468
320
142
759
199
334
68
275
310
358
463
305
152
512
822
789
515
901
982
233
354
8
310
83
713
138
653
796
56
273
516
840
161
906
356
501
337
718
754
580
856
609
816
722
617
232
124
807
161
935
426
801
18
751
505
85
489
954
364
32
429
416
714
456
383
151
308
708
197
892
574
929
542
886
752
654
208
787
4
720
2
676
280
994
838
528
632
991
164
995
764
251
702
681
141
862
211
474
810
855
582
524
45
10
470
226
175
281
325
384
6
275
685
553
116
631
427
867
582
202
27
901
863
153
659
396
965
738
139
369
663
741
953
672
438
427
828
411
918
677
894
683
331
476
487
519
470
312
786
392
650
743
624
676
602
58
304
824
457
559
66
1000
950
750
335
637
918
369
837
536
529
562
649
147
2
552
348
55
576
773
72
233
53
221
488
677
674
586
186
762
767
349
976
719
986
719
768
808
42
387
173
344
467
222
769
316
231
550
336
910
472
143
775
852
169
329
607
748
585
115
151
723
212
157
775
47
652
675
897
203
550
117
780
795
301
268
81
270
379
405
515
127
274
819
401
182
581
486
256
836
61
349
993
589
406
852
816
852
251
398
480
300
511
959
922
130
757
272
394
88
618
993
78
134
918
535
331
766
943
694
33
343
899
442
119
573
494
579
