284
611
413
312
662
421
855
711
976
373
849
680
306
387
225
174
40
449
182
245
965
379
225
785
216
632
939
438
520
327
958
207
329
849
876
161
326
637
420
738
104
157
837
202
713
357
217
73
298
991
518
14
474
518
793
745
517
379
721
366
518
981
175
175
753
982
917
637
751
650
346
648
535
180
473
952
408
348
879
739
642
125
627
774
217
361
303
101
967
666
170
526
81
214
499
316
468
683
104
70
803
696
395
30
741
179
712
546
943
909
301
634
35
938
830
605
146
240
236
108
723
913
926
832
291
303
95
204
478
225
181
875
885
537
149
621
121
697
502
372
112
805
647
449
348
824
236
983
447
712
590
160
473
282
624
11
823
600
67
239
667
238
120
861
346
884
612
369
691
385
162
397
490
508
751
31
930
287
886
721
695
658
916
401
303
663
459
159
501
339
467
68
138
469
981
174
88
334
814
645
259
201
750
638
150
454
972
750
493
323
93
735
319
970
209
212
564
703
250
502
128
793
901
219
16
656
490
97
580
500
377
555
423
353
376
904
724
102
234
861
817
956
42
731
472
373
931
404
726
327
356
819
388
766
399
785
201
248
581
942
43
643
264
285
815
868
272
500
570
386
630
713
109
589
859
620
90
997
27
397
505
988
830
59
916
583
1000
582
529
308
646
410
137
951
11
269
293
106
372
226
963
355
256
420
441
227
356
541
750
435
609
143
567
227
966
110
665
165
452
114
988
704
189
717
193
489
930
126
883
400
466
763
807
908
677
243
498
29
380
373
417
629
418
688
245
991
381
982
863
922
536
797
505
379
108
970
138
787
27
406
925
140
625
919
427
771
920
821
74
840
513
947
664
265
971
197
317
471
472
668
461
472
375
311
763
487
190
152
962
966
903
330
214
228
785
431
451
809
782
6
218
786
928
601
256
833
987
488
520
598
983
296
379
455
192
779
287
535
166
757
615
907
321
258
990
174
410
924
54
798
981
782
769
876
84
602
561
752
48
40
810
130
361
618
635
220
126
329
104
647
910
481
584
575
388
48
871
904
794
778
986
908
59
102
142
897
370
225
572
567
926
821
440
292
278
749
217
595
428
102
910
283
673
126
683
513
110
615
564
805
451
914
342
658
329
813
931
746
181
403
962
955
978
752
702
328
482
668
948
776
21
588
830
262
832
430
963
516
596
242
551
80
201
218
964
821
779
187
194
444
16
326
58
146
442
583
401
925
906
144
293
631
301
191
393
761
752
804
337
105
399
49
753
824
774
842
866
798
826
190
562
42
795
158
658
919
393
119
235
551
818
2
763
554
100
468
697
973
670
934
294
348
451
82
448
79
417
86
117
494
61
63
370
83
231
479
51
226
372
171
816
832
24
913
399
199
298
983
112
453
693
885
504
728
939
424
441
909
671
476
212
612
14
97
143
219
668
93
96
945
538
322
699
399
799
304
361
156
522
808
522
722
526
566
717
613
737
294
550
926
606
875
313
369
966
221
573
602
667
557
768
464
161
892
924
222
93
874
363
848
428
381
42
382
151
571
699
759
254
835
601
785
546
288
495
670
872
352
850
713
487
528
716
482
101
218
572
502
918
940
49
758
830
950
481
343
792
12
422
403
951
99
904
858
627
839
380
48
242
682
220
653
814
473
663
386
937
780
827
83
505
950
296
791
625
969
365
118
549
553
358
351
872
256
911
169
936
324
959
686
951
849
602
105
42
836
764
227
48
47
899
692
621
580
447
923
877
57
174
453
151
742
380
182
296
451
136
25
379
776
599
802
574
401
323
93
516
488
208
378
304
926
276
800
743
838
526
6
188
490
699
237
828
621
442
42
859
357
987
95
491
476
208
770
471
310
767
953
991
892
367
354
535
32
541
97
34
748
859
121
301
863
857
148
73
710
547
208
756
389
683
401
482
194
27
18
168
532
760
710
348
969
247
245
857
431
53
889
352
156
498
496
308
929
820
652
191
51
326
298
825
536
226
676
46
21
807
249
46
941
349
434
362
848
315
305
881
106
683
255
508
112
875
799
427
398
727
350
960
238
480
414
378
389
91
154
891
566
507
337
866
140
960
327
255
845
740
677
909
214
252
994
363
2
47
566
300
420
571
476
276
323
84
501
283
690
565
350
378
184
710
95
50
199
764
141
632
476
180
842
495
102
211
562
246
888
429
995
516
769
440
757
526
529
461
823
93
400
752
572
423
350
122
715
870
478
860
813
356
14
366
997
845
113
639
623
164
348
727
809
178
780
809
183
118
5
883
106
290
808
801
483
101
907
560
100
611
462
61
435
98
42
171
927
902
948
663
21
820
774
576
910
960
854
862
799
52
641
256
331
958
314
298
916
88
609
752
734
158
965
419
500
282
885
459
334
505
43
88
512
130
768
579
750
50
721
506
16
78
741
893
277
827
819
715
266
824
967
9
484
839
31
925
16
90
34
750
825
793
779
257
483
123
753
35
402
163
955
925
554
61
263
126
671
702
169
574
518
638
993
541
268
671
66
702
195
105
284
881
540
114
859
986
130
903
801
630
249
647
869
334
335
503
633
956
159
143
434
471
115
601
148
555
248
640
485
575
866
185
267
561
802
816
133
697
693
975
49
517
53
375
279
376
392
683
40
297
949
26
465
601
917
674
302
462
514
574
334
513
558
636
984
859
966
414
349
281
994
319
707
81
37
220
726
191
91
908
532
730
477
708
879
364
823
106
108
66
28
497
347
256
973
827
835
579
412
406
350
468
184
100
484
542
697
639
242
188
12
53
633
979
940
686
390
398
348
984
436
816
157
298
519
392
215
215
802
415
209
992
344
715
282
378
602
943
578
624
95
290
561
307
222
439
599
990
354
19
148
705
129
209
745
495
958
775
975
669
122
214
223
80
898
456
59
925
35
500
969
112
814
635
134
771
632
596
93
44
934
398
952
832
345
666
50
173
400
337
146
189
836
580
251
131
629
893
501
44
934
404
248
297
724
726
334
923
143
165
455
757
109
499
201
616
299
632
942
595
977
757
80
386
85
95
294
722
299
471
933
875
556
1000
717
789
726
116
542
881
212
671
868
727
436
94
183
358
342
623
540
334
681
322
179
802
59
851
549
917
687
348
251
770
405
579
88
709
379
776
560
160
384
463
666
311
662
89
279
872
265
848
180
305
992
999
387
239
149
813
509
6
516
712
22
998
457
548
367
24
225
467
20
896
84
611
423
953
538
287
738
190
834
272
26
46
246
386
966
418
713
548
891
6
325
853
683
376
906
245
391
521
348
880
145
92
10
881
426
198
812
87
963
37
162
813
768
383
108
578
357
937
153
917
542
449
121
261
391
208
974
570
536
98
878
837
776
810
596
409
783
929
48
998
1
60
345
907
822
605
532
374
571
176
737
676
289
29
775
481
978
701
474
443
652
341
23
407
743
702
444
668
395
213
210
321
9
721
96
601
634
632
711
597
747
647
416
51
186
29
598
645
863
206
906
68
950
327
614
570
437
885
502
776
480
294
158
911
532
427
700
919
521
313
613
420
91
273
840
988
400
509
24
15
948
729
119
465
866
426
275
592
877
421
645
276
641
808
665
789
818
229
159
724
348
722
428
932
65
920
711
244
14
119
856
470
740
912
237
477
859
126
810
203
990
860
549
147
132
187
205
23
478
568
639
868
441
136
230
288
729
199
486
982
219
949
776
318
262
946
412
447
610
868
727
780
330
543
158
232
137
884
587
769
550
630
634
957
813
741
795
313
369
470
623
924
130
363
110
854
739
16
498
465
323
798
534
538
597
930
519
435
745
130
183
508
715
139
167
948
841
367
317
673
595
970
288
252
57
167
835
762
936
363
621
603
291
326
279
955
337
482
441
441
994
249
890
96
164
577
857
19
916
928
769
160
387
362
337
864
802
321
290
522
986
807
30
203
689
765
667
358
562
460
934
833
328
885
304
100
263
156
713
605
433
658
34
118
47
753
694
985
280
308
77
882
162
888
884
243
977
649
9
82
277
357
443
967
932
43
639
85
600
701
620
673
37
222
573
803
458
770
49
763
567
648
325
329
933
783
586
360
972
19
272
101
834
612
330
669
819
20
730
396
288
854
221
577
605
248
541
24
409
188
77
732
877
390
954
314
346
295
754
488
256
417
121
176
696
218
30
544
715
820
639
174
787
667
489
522
412
440
249
545
728
96
938
29
91
904
53
640
120
753
262
465
194
859
462
662
842
761
54
647
751
873
597
467
231
971
576
835
210
745
549
324
125
625
440
462
458
685
668
807
166
705
777
643
781
499
961
433
747
896
520
996
413
854
504
972
55
911
694
956
532
46
491
624
144
445
192
590
740
662
817
218
632
824
895
393
482
868
177
270
76
21
453
298
822
10
872
187
439
48
961
682
223
713
976
453
324
55
620
587
399
936
745
680
842
894
37
159
51
314
328
484
853
998
63
697
101
801
599
429
615
74
8
656
533
35
675
935
814
888
80
835
980
678
542
825
755
763
448
478
620
538
400
505
419
916
948
666
64
413
738
698
307
840
364
847
358
604
844
99
174
223
336
490
233
382
806
682
957
155
748
208
823
715
182
714
906
418
326
911
374
799
157
344
183
422
606
955
989
952
966
846
343
234
812
793
801
39
21
405
116
328
882
423
53
57
653
46
978
306
724
413
508
126
741
309
533
109
484
244
730
450
815
25
439
577
312
331
813
305
8
814
386
498
922
597
210
252
421
119
898
931
883
849
326
597
387
543
788
836
484
72
702
684
329
999
653
661
411
840
350
534
586
600
870
443
997
660
229
336
466
245
37
716
420
509
685
877
960
939
953
319
851
721
937
750
720
667
102
419
416
722
345
730
843
484
248
892
14
249
696
529
197
462
653
426
137
253
325
883
684
11
864
70
383
639
36
345
95
945
296
243
227
914
657
584
331
654
749
488
250
426
640
256
206
767
336
712
676
733
161
210
74
269
992
96
476
521
867
255
703
647
549
392
796
395
950
89
765
754
306
772
165
559
944
78
131
61
810
660
970
527
226
367
250
844
445
552
700
873
525
665
950
504
366
298
88
992
245
244
825
48
58
595
808
612
554
772
370
710
96
219
551
603
711
964
851
49
542
225
27
898
277
375
323
548
537
696
967
344
231
182
327
673
580
309
710
580
328
100
530
203
442
189
100
35
184
826
499
154
698
693
758
881
656
241
625
700
464
791
520
398
59
545
67
472
741
588
228
772
794
409
31
491
912
132
838
933
218
844
805
976
659
810
838
776
262
186
982
465
362
54
818
193
554
15
837
241
681
792
48
300
380
890
471
219
45
25
527
223
910
990
669
75
765
845
834
849
539
352
915
420
14
205
430
326
445
536
612
114
765
124
110
853
372
527
437
542
138
979
257
669
195
809
353
798
464
582
772
457
828
343
716
845
47
918
578
604
909
684
218
872
941
137
318
724
603
662
380
441
768
247
968
974
934
525
930
486
771
479
540
313
760
879
481
329
836
526
405
765
606
260
906
273
833
25
58
899
548
484
821
749
905
134
297
285
372
940
596
85
726
437
349
531
174
515
403
238
89
430
683
916
953
412
129
514
279
823
745
353
656
302
231
425
478
924
819
629
846
751
837
707
106
916
882
546
849
588
364
611
542
770
295
743
263
296
110
504
239
622
682
661
39
869
845
45
208
750
821
935
546
600
231
30
871
567
34
307
524
207
833
272
701
184
363
462
586
374
611
728
469
328
7
606
577
236
781
635
286
547
368
663
81
301
617
200
185
126
671
288
335
455
131
430
972
270
730
825
134
484
152
812
639
52
723
401
320
732
487
24
173
766
245
453
548
234
755
251
48
604
784
859
446
700
895
575
905
680
851
554
634
491
651
924
428
521
83
150
27
850
437
466
206
966
637
983
903
40
488
358
597
768
570
610
316
503
85
296
554
326
305
612
776
84
251
466
627
345
556
16
4
775
599
443
394
629
582
404
414
201
348
700
489
734
910
293
297
578
514
781
543
219
485
947
930
624
465
751
608
162
187
765
79
427
370
186
894
733
14
344
112
799
310
841
81
401
947
887
887
343
165
163
554
701
111
640
863
316
914
330
18
81
835
633
450
108
166
922
405
126
555
484
946
452
374
673
13
82
788
1000
498
305
873
989
700
719
68
824
592
584
951
577
378
358
600
484
244
60
570
82
609
146
114
548
780
924
291
911
612
563
459
897
689
64
91
482
698
73
959
300
251
160
760
394
344
975
592
446
338
919
547
820
761
713
194
920
657
260
145
713
299
831
9
82
808
498
903
906
243
264
494
385
255
881
593
226
965
59
612
483
490
332
42
380
398
151
393
544
508
641
919
71
771
217
206
533
621
311
100
50
795
270
278
839
576
835
364
474
505
648
377
285
326
443
648
81
151
117
458
435
285
61
604
449
678
41
39
349
890
103
130
672
450
167
478
39
942
20
247
924
783
746
589
813
910
560
197
890
933
850
346
820
806
801
89
480
270
541
243
11
433
945
547
390
905
470
581
774
781
999
552
506
602
22
148
374
963
187
795
196
111
284
147
909
747
706
341
577
943
121
113
314
605
39
885
671
638
577
500
116
60
683
658
664
745
698
668
555
829
998
325
893
411
682
324
249
865
937
997
275
164
281
665
197
333
186
109
319
597
320
223
270
121
838
56
11
38
778
821
871
58
999
633
349
515
582
622
596
236
988
972
841
64
336
296
43
111
474
750
439
518
90
332
761
393
318
224
991
218
49
874
997
146
417
602
906
243
870
764
114
735
420
962
147
555
62
984
507
330
558
193
162
750
450
188
341
212
874
546
777
222
376
326
25
683
359
200
603
809
824
472
437
700
30
127
679
900
298
314
694
261
649
806
977
921
846
987
741
113
638
919
998
959
169
816
997
868
998
585
536
371
132
861
464
229
409
479
874
110
216
731
127
112
874
176
301
665
284
76
964
758
530
9
571
724
921
362
329
195
462
364
815
482
4
83
945
918
228
929
63
702
84
604
815
941
777
485
266
676
355
844
586
50
368
358
708
857
521
701
301
666
467
337
440
842
487
546
80
651
168
661
360
543
298
694
277
235
745
515
374
516
710
47
388
492
689
120
828
70
657
922
833
362
310
170
925
456
374
418
556
879
886
446
761
791
693
711
961
505
768
86
212
318
753
860
656
719
589
123
27
268
570
428
277
922
579
764
768
509
910
851
993
585
280
995
304
532
748
972
940
688
334
437
825
283
799
642
540
148
334
904
978
676
812
610
482
747
436
445
522
184
729
164
726
547
300
280
755
227
437
137
740
557
523
707
745
355
362
298
72
57
148
130
440
188
263
455
188
576
750
303
853
262
11
68
33
583
956
411
619
708
591
403
553
422
417
406
262
642
808
799
852
543
806
553
935
5
812
31
594
672
705
370
526
920
62
509
94
633
512
595
87
732
570
756
137
107
409
207
302
425
457
113
541
911
665
359
465
633
294
29
849
659
699
399
507
177
946
389
464
874
762
727
713
82
9
348
614
429
284
337
149
5
672
85
627
291
68
70
877
852
931
5
906
265
654
789
479
667
632
508
58
891
738
296
374
535
326
29
786
559
700
472
587
129
961
423
438
258
814
681
601
433
62
813
541
29
376
267
53
223
65
92
980
167
336
6
701
105
4
367
967
709
238
8
911
25
232
16
828
852
808
370
671
922
950
17
25
277
256
936
583
710
605
395
58
822
884
733
260
986
388
21
795
93
559
792
878
452
462
902
611
321
914
419
415
763
507
246
38
913
722
656
860
158
137
742
123
469
647
135
971
83
373
904
16
789
124
561
213
191
756
47
540
456
606
870
773
909
657
105
600
263
536
549
376
201
903
435
56
816
363
272
155
901
249
857
726
401
19
606
212
567
103
262
305
125
318
439
770
603
249
701
413
853
44
167
273
688
66
486
97
783
924
231
313
905
789
3
906
973
930
397
415
127
945
427
243
146
665
444
384
204
106
921
856
395
510
138
152
519
366
900
808
970
605
950
759
437
556
892
420
93
350
418
420
920
961
734
566
61
897
484
943
47
996
990
44
214
698
220
889
130
682
108
83
72
617
818
207
115
582
283
880
857
351
864
309
185
864
892
382
695
800
111
332
113
216
857
713
482
752
789
360
702
533
76
604
243
48
64
495
466
293
257
364
982
231
120
267
267
845
799
321
187
126
817
486
911
388
400
919
588
23
701
19
511
946
943
923
62
805
561
135
757
253
314
501
187
658
467
480
652
164
563
746
638
815
550
512
505
832
400
407
761
902
502
585
981
79
951
252
749
697
162
214
833
892
938
756
496
752
553
793
300
337
165
804
708
925
751
538
155
263
848
730
196
34
315
505
503
133
509
299
90
562
732
927
136
660
586
671
721
517
869
730
118
862
825
280
334
823
796
513
258
247
502
111
329
905
96
671
184
38
435
86
712
345
152
930
400
718
821
724
187
272
810
966
774
2
977
977
794
354
79
323
145
606
345
412
616
546
777
620
440
1000
386
222
754
862
42
484
66
286
259
794
216
517
906
932
419
835
535
373
870
251
993
8
941
905
802
206
279
930
191
476
570
317
734
131
799
625
828
377
966
25
59
610
536
986
680
528
211
62
515
221
231
570
414
539
145
265
969
100
615
747
178
591
105
292
237
223
16
332
404
85
48
941
295
829
234
990
344
995
487
43
449
550
757
863
136
368
422
61
943
409
990
387
446
703
698
189
159
991
937
647
955
741
419
687
727
333
155
355
750
131
723
345
919
818
1
288
784
886
87
617
354
783
964
918
417
4
458
420
753
591
461
254
923
409
870
652
490
787
263
835
962
818
632
161
321
905
401
66
796
809
308
760
805
24
42
58
193
730
220
616
372
537
344
621
384
682
394
383
762
41
16
942
572
965
17
496
653
975
89
742
671
24
223
588
753
874
530
868
429
15
994
995
500
29
52
100
824
788
560
522
887
822
304
606
264
172
148
437
321
382
877
158
120
980
520
102
692
661
675
530
726
723
39
652
522
256
430
508
188
916
837
504
31
251
49
747
826
100
238
759
42
975
50
278
114
547
595
35
459
210
126
297
743
664
306
46
487
250
515
296
697
968
942
654
507
302
697
192
937
137
378
869
436
973
594
881
837
797
704
68
733
731
766
570
306
576
243
430
179
479
697
923
549
974
332
871
851
302
956
462
730
932
120
216
587
230
762
538
192
87
1000
732
365
952
457
226
408
274
754
973
837
943
654
280
810
72
152
477
887
35
776
992
754
171
479
675
592
392
856
408
613
77
473
258
837
947
771
267
116
859
173
828
635
386
861
871
818
613
344
58
988
877
414
25
312
246
444
70
778
831
310
200
488
673
99
300
475
386
284
640
752
44
611
783
238
929
71
752
877
982
774
936
899
63
648
762
419
99
551
688
330
207
1
486
801
38
816
199
990
178
144
154
839
59
878
372
882
394
534
820
793
622
990
229
776
262
715
47
593
202
153
846
738
145
61
152
315
52
236
452
459
899
112
47
415
198
95
647
991
251
378
667
550
332
687
127
968
750
209
994
126
564
695
968
257
767
407
372
628
417
610
751
545
674
256
299
135
829
836
837
852
143
546
683
235
726
325
933
6
631
866
417
955
293
892
944
24
947
939
284
35
408
268
163
437
157
165
329
199
746
344
664
343
760
456
617
986
212
498
213
216
751
347
339
759
962
380
663
535
143
524
309
242
319
644
724
431
522
17
748
307
263
309
450
549
323
303
773
879
209
41
42
523
906
702
269
712
59
521
702
271
733
636
379
287
392
394
123
213
211
162
673
985
338
347
688
815
248
848
599
327
975
410
178
306
952
625
762
534
725
500
439
438
921
885
709
17
388
721
178
168
52
933
313
20
572
271
527
409
267
343
257
191
678
35
452
398
29
922
905
778
592
464
98
477
216
518
206
740
471
297
995
687
960
392
648
23
684
466
264
471
148
738
523
492
142
358
451
550
228
187
162
112
69
144
842
48
417
12
719
7
991
247
202
609
911
859
950
722
714
64
993
265
405
548
818
338
306
542
170
29
833
355
958
582
125
853
734
737
851
820
552
360
913
610
599
441
229
850
417
783
672
481
495
666
2
115
261
743
613
343
317
573
494
714
128
753
862
695
885
579
748
449
415
854
814
938
718
635
394
425
727
4
88
416
689
720
408
391
842
909
440
356
946
498
456
922
580
227
571
516
336
690
474
28
928
166
640
134
931
382
595
526
696
581
140
31
423
218
499
774
650
60
513
220
393
867
792
917
997
194
403
859
707
130
533
472
616
221
368
279
565
71
588
595
396
877
944
837
242
702
350
401
944
665
503
56
318
666
583
744
603
572
365
142
32
15
125
892
287
499
328
555
199
271
514
966
568
570
561
908
227
1
743
988
82
566
964
753
786
595
447
360
431
274
593
807
14
667
339
587
805
809
427
349
392
40
774
427
519
906
775
489
787
528
123
638
764
767
648
282
325
264
738
348
64
259
567
785
964
549
507
215
576
796
234
360
495
66
333
307
366
276
137
210
958
669
510
143
965
391
499
112
315
18
196
472
295
422
6
920
347
847
248
56
584
960
28
204
541
143
812
822
945
702
91
849
678
750
194
340
461
87
707
577
355
471
435
378
479
494
406
406
379
127
42
544
309
482
28
860
5
267
547
642
2
782
51
681
743
359
182
296
536
890
32
677
439
822
581
194
915
855
546
776
133
558
90
106
702
331
985
361
793
36
530
596
664
402
646
24
913
374
589
329
393
2
175
760
124
851
823
421
878
473
835
871
17
661
829
221
324
347
314
592
269
957
320
268
662
45
339
93
523
145
15
28
83
671
744
50
273
740
339
625
953
820
811
784
158
538
922
244
635
982
540
238
135
395
211
957
883
256
832
106
298
810
242
311
736
874
523
488
422
643
890
61
726
860
820
897
306
577
912
884
797
386
785
81
528
131
701
621
804
640
551
124
760
885
859
282
49
676
911
555
232
623
772
243
61
143
965
806
740
972
515
499
307
541
89
797
335
205
666
178
23
962
151
142
922
251
75
125
303
746
394
221
981
855
516
958
122
739
1
276
756
931
381
764
673
498
79
526
750
808
561
120
950
121
715
554
391
380
245
593
687
112
888
923
192
989
15
222
149
397
584
9
424
389
643
417
560
697
651
168
163
303
543
269
207
156
62
333
11
944
237
898
380
280
723
834
503
807
199
53
918
262
599
48
670
522
419
745
728
91
37
155
332
778
149
399
504
211
464
275
627
924
409
87
538
551
906
339
945
195
741
331
977
525
28
899
427
631
5
843
508
513
192
752
912
58
241
495
993
303
97
683
419
421
349
520
863
957
466
414
57
905
340
636
282
293
235
224
411
162
586
201
656
152
822
528
91
454
675
55
872
791
974
56
159
416
998
949
930
777
965
877
854
180
493
688
923
303
161
183
487
756
542
789
121
237
612
705
146
631
450
771
758
475
458
428
905
391
19
694
761
926
72
322
336
400
41
439
629
910
795
162
253
568
187
615
328
603
36
140
94
744
596
84
304
480
836
728
789
360
559
217
202
499
693
759
224
816
97
204
933
163
573
911
637
802
446
563
760
758
128
548
653
607
519
180
117
47
764
807
355
485
853
867
639
71
893
184
219
632
446
235
6
34
830
932
972
561
285
329
118
533
630
251
96
542
108
872
49
169
172
791
245
132
557
62
974
553
55
407
802
333
387
221
479
752
533
661
436
682
933
121
923
328
179
832
935
953
793
802
544
499
545
283
646
553
800
587
144
678
84
351
341
828
134
707
312
886
290
996
297
44
355
165
8
477
31
367
959
494
690
320
195
176
806
511
972
376
391
486
24
308
812
238
903
345
852
204
177
200
313
26
207
487
789
25
80
550
156
28
480
870
785
176
52
254
240
546
193
357
893
928
743
560
908
587
126
953
682
278
552
980
509
174
595
507
486
333
355
687
264
852
886
85
671
23
370
16
654
359
6
567
246
718
886
855
111
177
915
901
773
88
394
192
816
907
980
728
539
794
994
550
919
418
647
762
79
883
383
201
637
508
738
129
448
647
834
128
783
852
537
879
483
822
871
408
417
650
121
393
876
97
866
412
499
997
448
141
748
663
402
419
862
682
288
861
864
157
331
295
467
182
449
423
245
924
746
352
675
245
222
44
266
57
346
794
251
326
88
103
271
709
945
336
631
64
978
851
676
67
55
947
388
689
376
603
8
515
260
558
539
122
355
499
6
484
622
182
840
130
360
391
21
90
288
741
15
757
353
710
776
199
904
75
878
898
507
67
327
239
157
360
407
387
431
391
155
588
549
91
53
195
167
18
613
762
213
270
657
894
50
917
718
961
756
984
217
542
108
281
24
38
625
108
701
739
676
276
948
519
966
4
644
619
574
843
681
327
519
902
921
729
213
72
268
994
545
575
492
833
111
239
264
231
841
202
85
643
567
285
83
272
339
518
144
545
555
358
707
226
730
864
598
955
317
958
724
140
601
764
657
225
477
639
882
855
20
450
63
742
159
767
58
476
86
807
182
103
22
192
181
476
559
390
525
580
213
113
63
846
620
816
586
274
742
930
924
90
969
634
518
698
147
239
621
381
255
549
999
248
899
631
802
422
343
507
598
293
879
763
622
448
214
765
811
720
29
467
934
972
136
709
757
826
181
56
500
750
951
76
216
387
347
433
57
901
977
171
141
326
270
522
759
11
939
235
31
641
533
9
379
334
550
835
668
135
651
515
172
208
534
48
149
327
918
389
980
882
282
551
140
396
393
973
202
117
24
187
973
813
722
662
617
919
228
718
375
915
496
183
537
652
401
180
259
849
828
523
969
270
384
817
165
592
685
193
252
243
911
585
276
779
747
276
848
256
533
774
958
510
875
329
262
163
94
56
694
107
21
595
539
995
629
333
960
612
147
254
626
268
391
568
541
830
606
356
443
281
583
758
214
598
854
569
928
390
132
943
381
928
364
439
872
764
735
505
62
110
464
817
75
100
102
166
790
136
827
699
377
805
506
934
731
96
325
131
379
642
978
622
263
109
548
569
240
494
808
389
20
350
630
491
859
211
557
12
996
617
193
923
44
1000
533
449
612
615
295
213
139
586
314
471
700
638
728
930
596
60
30
545
999
411
978
411
430
963
363
172
639
821
723
295
742
442
422
336
546
712
348
756
708
186
634
962
216
368
128
198
839
354
407
210
580
66
318
589
611
263
692
858
706
141
960
189
77
578
160
54
998
95
983
837
570
287
922
186
731
237
305
51
28
456
766
962
515
307
639
356
582
192
649
118
590
185
170
370
29
445
470
477
207
231
259
702
372
90
954
6
513
361
631
986
60
752
392
666
454
790
890
567
206
249
561
755
33
713
503
557
291
973
641
307
109
860
413
185
944
786
270
672
24
799
675
198
730
11
928
962
242
683
922
748
529
923
720
708
949
252
617
29
74
431
783
174
616
198
790
572
436
227
140
596
62
647
536
445
3
938
141
698
424
443
295
351
174
76
28
714
151
5
693
429
403
781
563
997
747
520
145
943
90
520
441
501
684
411
762
994
416
952
56
606
111
884
992
726
99
510
478
891
323
119
934
300
993
923
137
895
277
602
935
568
959
8
268
127
934
403
125
452
964
381
256
46
261
947
200
366
91
710
872
929
782
495
261
648
176
121
416
392
316
522
988
980
891
351
503
935
677
470
183
449
945
841
366
191
489
463
435
138
992
136
965
837
902
968
539
137
835
509
914
859
588
892
830
14
318
958
431
252
244
616
129
852
548
101
974
281
936
382
521
234
146
619
378
400
859
867
106
444
244
482
17
721
308
275
858
67
663
458
554
449
794
351
516
677
811
173
123
215
410
601
243
107
289
821
82
937
347
56
448
606
152
749
652
758
513
107
418
242
522
950
120
999
838
219
370
433
931
323
97
940
951
360
691
100
902
634
970
164
435
280
207
210
3
9
556
147
387
545
337
705
930
342
361
435
405
136
835
156
468
559
788
744
947
496
180
436
284
947
110
468
847
583
743
576
400
655
198
55
728
907
160
851
182
497
337
125
613
357
512
107
945
501
158
231
708
656
296
95
474
441
252
234
768
173
242
905
716
203
517
439
287
809
181
108
766
388
475
254
626
793
613
227
656
480
665
824
603
25
998
187
52
393
255
204
48
97
427
197
105
721
456
958
800
870
141
727
749
901
588
839
926
889
517
916
832
116
698
520
790
113
6
977
105
389
929
295
659
868
910
332
41
826
792
578
312
26
4
444
734
862
50
624
640
266
748
948
787
664
246
915
23
872
820
540
890
571
473
740
182
233
461
199
479
671
190
304
968
238
923
331
109
139
690
307
161
746
564
154
614
862
753
536
822
495
704
956
286
359
279
129
522
292
54
26
227
152
607
998
500
975
295
362
711
62
893
994
835
550
444
113
787
352
618
516
179
997
29
86
536
358
491
445
695
545
68
278
339
612
698
444
442
301
886
426
794
15
368
266
17
80
434
266
301
629
594
978
840
359
824
860
346
864
25
384
818
458
490
774
638
942
957
996
628
308
863
418
527
471
697
981
974
486
856
795
989
505
554
266
575
983
188
49
222
745
801
586
70
811
560
559
797
935
10
464
786
116
796
249
5
102
840
148
932
271
858
878
348
928
215
798
851
697
152
249
220
758
871
606
366
70
931
359
80
325
146
85
65
560
420
112
247
549
752
725
125
650
684
550
262
492
950
326
400
252
109
162
310
383
332
774
527
42
359
145
771
795
154
39
949
892
719
909
10
385
922
708
456
502
625
123
964
316
530
901
465
121
854
258
852
645
918
324
140
842
730
181
341
168
289
583
126
97
435
823
965
582
830
265
689
833
244
410
609
761
713
392
136
327
375
131
417
234
964
941
968
923
81
985
297
515
47
381
677
955
339
90
223
713
970
858
545
671
785
698
775
671
734
911
892
137
654
270
27
306
852
570
947
620
674
912
907
811
17
437
511
953
435
421
834
622
751
916
450
932
588
243
786
281
555
480
971
917
381
130
210
179
320
296
253
155
561
702
118
599
531
947
950
385
340
911
424
652
32
148
701
967
687
179
141
473
663
490
886
490
850
165
674
689
410
699
988
556
712
635
740
278
434
429
686
821
492
360
327
707
684
206
842
788
903
600
573
327
170
407
522
338
658
306
455
697
399
642
112
885
403
918
300
233
615
685
405
887
653
406
903
662
832
235
691
563
26
751
930
426
418
465
921
199
750
811
620
327
841
884
383
925
677
974
206
486
541
575
454
35
211
473
24
577
613
829
420
97
630
971
991
857
917
333
695
722
891
575
130
21
922
496
22
919
560
313
732
735
218
7
726
15
68
717
8
155
280
740
428
156
558
163
702
514
721
649
846
792
8
272
160
387
110
304
774
129
481
695
239
182
863
208
664
960
925
345
863
26
991
416
463
142
596
812
579
201
985
342
454
856
716
546
617
45
947
585
863
99
426
361
732
310
565
242
473
524
104
7
364
70
942
622
926
297
339
700
140
127
416
371
799
260
699
498
646
972
789
495
948
924
517
540
971
898
269
31
784
180
308
213
365
794
736
837
172
223
129
377
360
862
346
615
950
466
557
768
804
56
605
425
503
614
629
646
609
831
53
966
287
495
140
87
711
824
658
267
668
54
150
522
98
911
833
855
871
814
411
402
792
745
968
970
542
463
359
908
190
902
105
562
545
240
106
510
986
230
89
182
520
34
287
510
2
295
335
527
433
752
384
522
715
495
566
714
260
180
563
439
191
368
815
48
414
131
628
749
458
619
651
76
637
505
188
660
911
682
624
962
377
132
874
665
645
238
494
225
321
877
969
864
451
786
198
23
908
901
629
143
596
895
717
712
220
789
777
543
892
863
175
111
821
285
502
564
273
145
714
48
580
276
317
648
787
95
375
664
468
792
739
836
892
496
434
424
509
525
323
665
747
612
150
889
176
513
176
603
706
288
691
943
132
388
827
84
255
278
270
68
76
931
784
684
264
387
525
600
403
280
511
707
233
100
320
14
991
101
611
156
249
63
540
876
74
4
369
946
221
991
931
385
387
255
681
189
486
160
57
232
282
546
355
841
718
784
404
824
877
476
297
119
142
633
474
111
591
169
804
895
465
712
945
883
516
187
90
979
32
975
705
104
843
774
852
773
109
370
167
621
325
113
862
822
739
385
505
668
26
759
539
272
675
13
335
618
800
435
652
817
273
541
839
42
781
125
140
971
295
778
56
508
162
760
130
992
924
340
624
466
338
958
935
406
878
739
734
485
281
177
291
954
687
390
937
453
11
963
638
523
506
925
407
493
146
960
223
606
881
36
177
671
378
381
652
978
390
949
914
192
88
379
450
103
255
349
472
856
337
883
685
410
361
393
272
842
318
99
579
8
470
725
158
2
102
38
463
257
929
745
846
239
725
179
326
489
74
867
278
938
804
322
805
586
965
158
445
421
205
919
147
912
937
351
626
772
182
172
911
295
747
71
737
675
776
688
280
804
21
542
431
315
668
756
961
256
109
820
338
194
677
379
298
199
700
998
953
124
397
944
625
427
791
455
617
7
513
221
478
344
415
644
641
795
282
924
659
851
463
846
8
30
453
838
660
268
451
710
388
687
985
14
624
934
377
902
104
204
337
90
689
964
727
830
154
155
500
771
885
967
654
414
350
8
965
11
417
688
63
75
333
386
300
332
346
452
783
47
14
602
716
974
145
725
810
543
261
828
962
288
159
266
138
248
842
413
25
428
516
419
720
975
40
5
700
28
435
172
339
798
363
908
876
319
434
305
1
962
258
843
542
858
412
879
70
693
380
295
887
50
365
928
19
794
873
873
507
545
541
349
502
786
473
166
375
908
900
248
458
11
426
631
2
75
181
354
506
386
30
529
614
925
581
862
521
725
834
456
87
935
816
909
138
289
89
991
66
785
390
824
666
106
824
485
793
16
63
154
14
476
173
595
584
442
864
55
668
197
223
394
864
193
9
353
292
67
510
762
429
70
4
113
143
841
2
44
368
882
121
644
658
459
671
59
192
351
7
378
180
857
508
338
894
14
957
26
150
644
88
898
839
23
240
898
355
531
632
560
210
293
234
76
607
448
849
56
326
377
252
65
146
833
665
486
514
738
598
876
657
643
687
668
353
202
262
424
961
370
816
751
572
636
712
806
308
793
908
109
321
88
532
44
528
176
35
922
276
410
980
510
525
815
900
527
537
418
201
340
760
827
917
311
317
286
604
390
270
750
441
204
396
704
626
255
194
416
646
116
453
958
995
129
866
807
992
382
800
291
871
761
398
664
763
238
753
446
1000
947
600
442
774
956
574
538
408
793
327
542
462
88
869
702
46
34
238
466
861
761
10
537
812
945
484
922
587
331
79
329
841
223
853
444
729
893
757
926
329
697
153
602
337
556
115
591
779
536
343
659
106
555
975
152
286
455
108
967
368
749
707
560
925
189
942
53
838
102
235
770
773
192
804
846
632
135
937
136
873
849
916
901
910
668
506
499
658
520
919
934
175
227
603
352
92
755
340
120
691
441
82
949
115
889
221
901
9
918
26
811
252
124
243
381
365
792
138
935
650
50
429
97
333
75
924
534
621
381
999
430
795
863
691
183
948
368
108
234
638
790
337
719
546
223
932
70
765
944
810
545
723
991
437
30
150
299
209
18
529
825
394
720
702
905
599
172
318
784
214
185
614
772
996
121
809
701
905
897
434
553
592
361
287
368
843
85
363
222
239
195
752
272
933
247
912
385
725
43
336
495
948
399
206
654
726
891
627
296
73
317
890
412
831
80
728
201
910
365
40
350
36
724
733
73
934
15
569
811
529
502
772
489
263
56
54
492
553
45
947
68
354
826
575
78
679
919
522
331
753
649
142
329
810
521
621
716
401
273
734
545
16
401
94
672
311
403
876
540
14
606
452
245
659
959
462
912
303
614
580
353
796
837
244
488
775
115
108
154
702
244
449
418
753
896
478
501
196
470
891
470
256
71
20
55
926
945
490
966
343
467
999
399
289
715
522
984
494
24
132
152
223
172
511
569
142
79
534
986
137
880
482
479
847
889
966
412
203
756
163
933
620
217
701
33
175
77
37
878
599
481
526
995
246
539
332
393
286
713
405
257
985
456
6
982
73
995
549
884
432
624
367
834
479
898
259
486
330
447
726
457
396
165
981
27
908
881
39
14
132
965
486
327
669
734
221
736
235
873
120
203
369
578
337
946
732
932
932
957
57
177
316
210
666
212
255
659
960
780
848
100
911
993
143
885
548
322
906
852
891
42
588
247
839
312
520
664
985
87
288
947
791
825
667
467
251
12
990
327
664
685
239
769
704
147
827
321
61
9
372
473
716
87
206
769
729
390
910
446
127
478
18
90
877
82
252
862
64
394
67
253
559
199
48
426
684
612
125
997
97
606
514
786
606
471
87
223
115
75
596
823
730
458
190
726
326
574
239
565
968
860
610
31
658
543
898
824
257
769
207
536
740
133
356
529
300
180
140
228
514
585
425
48
577
920
511
134
337
114
455
199
379
24
785
609
684
891
412
37
568
825
52
309
1000
205
445
856
665
304
60
311
134
644
449
9
236
124
995
532
422
142
953
65
750
236
179
183
10
341
618
880
767
936
489
205
813
452
152
608
335
663
261
825
197
552
263
681
537
428
888
561
701
527
99
834
718
716
621
355
104
794
548
918
613
886
484
978
626
983
85
227
68
597
458
604
698
997
112
383
787
573
375
941
416
517
188
272
339
768
790
78
22
336
532
23
28
259
811
415
586
283
180
63
633
496
583
596
395
536
855
785
640
990
782
706
192
787
101
452
153
365
175
684
886
620
104
642
299
420
349
602
646
129
611
935
87
452
10
352
44
241
982
905
228
228
387
461
25
964
214
999
369
64
41
750
500
366
200
920
934
886
622
488
559
293
340
689
804
677
235
599
684
935
844
268
245
902
267
156
964
652
283
542
579
319
975
6
864
332
202
760
956
215
422
706
575
760
386
977
632
331
194
980
561
188
664
15
467
205
874
931
763
285
263
846
790
608
494
281
31
74
376
158
254
832
517
769
963
858
609
99
828
538
531
590
150
254
457
416
759
251
679
540
994
564
983
156
576
474
239
818
708
675
601
704
743
386
654
189
314
294
892
266
266
440
239
933
423
78
919
983
319
18
986
145
871
393
32
742
617
32
392
791
566
671
647
269
970
63
646
448
229
918
948
81
309
743
875
329
609
372
168
63
72
754
216
790
308
91
874
747
804
730
788
91
78
354
177
755
379
394
566
932
509
61
309
46
469
56
620
377
604
896
570
343
171
85
903
539
20
226
850
661
895
825
233
711
404
52
910
449
672
106
52
912
411
130
730
613
285
91
417
843
198
152
609
912
875
897
346
451
957
60
570
941
922
854
46
843
610
855
454
48
688
603
983
629
198
730
882
244
429
52
870
855
858
616
731
652
515
303
71
629
185
301
701
52
372
104
837
78
614
315
270
579
727
406
790
258
38
555
451
530
83
7
778
850
399
389
37
942
266
165
773
532
832
583
890
750
771
379
481
556
172
165
516
298
885
83
210
953
79
761
365
763
923
249
482
728
41
889
440
361
961
702
983
365
976
475
848
775
822
226
578
955
978
555
394
232
455
828
801
140
556
516
695
264
935
654
824
588
26
780
804
899
800
806
993
772
822
993
29
699
28
254
424
100
249
382
372
817
937
626
922
656
452
659
275
82
70
975
8
321
806
250
897
825
45
581
732
807
999
700
956
684
729
618
800
652
214
414
848
354
640
391
74
393
712
298
314
579
444
752
720
828
716
828
518
776
892
309
869
461
838
236
526
609
512
197
935
359
708
547
751
761
691
1
632
333
190
264
763
401
220
96
803
816
460
751
989
3
394
139
308
44
340
13
768
672
177
221
762
816
907
741
289
619
203
862
292
422
596
232
753
687
678
714
113
753
169
470
34
635
149
963
394
831
909
476
22
446
744
262
954
575
388
449
429
346
905
430
760
723
181
194
295
910
584
456
430
505
160
987
976
927
380
542
50
181
793
555
702
273
53
942
428
734
726
567
334
481
44
924
325
590
152
997
851
687
568
835
968
490
185
643
794
95
238
708
343
121
598
503
25
221
222
220
348
89
116
411
943
238
607
591
194
112
273
718
469
247
353
749
966
416
984
913
658
112
823
117
892
649
337
962
3
894
628
208
742
739
995
855
41
388
281
804
471
731
4
217
940
340
259
406
570
840
156
3
729
874
166
871
426
630
467
975
959
975
146
300
615
668
230
849
508
338
680
918
169
917
134
390
739
34
957
542
783
961
90
355
972
412
422
350
437
303
511
443
738
254
131
75
656
629
133
675
999
275
410
679
248
269
800
632
918
794
353
697
796
390
714
827
75
425
218
121
888
908
917
907
917
731
998
334
292
880
145
689
394
858
768
671
407
766
367
934
700
201
201
3
798
476
50
130
735
227
564
215
410
629
284
505
608
329
492
473
926
464
634
592
349
171
127
46
592
806
433
61
65
281
327
783
74
952
944
419
816
691
352
532
921
534
758
967
168
794
226
563
666
592
222
379
680
918
957
10
466
990
610
122
644
36
407
795
843
558
244
245
617
698
905
696
510
566
612
593
908
933
633
929
241
919
542
114
149
443
824
911
458
955
763
455
750
630
823
217
989
835
42
685
42
908
561
249
609
332
90
436
551
657
944
601
783
871
326
184
706
274
369
396
216
904
960
983
594
21
817
417
6
732
511
847
642
585
366
637
407
677
245
325
80
573
419
612
647
846
477
698
455
173
995
975
313
825
134
874
483
2
461
96
159
867
724
429
381
702
639
383
924
148
76
392
256
402
977
721
713
68
473
728
740
730
638
801
239
649
796
214
959
618
478
101
601
560
836
135
401
964
445
791
803
869
319
921
552
468
431
205
240
579
19
522
45
151
970
824
865
577
475
370
887
5
589
711
980
502
243
314
452
553
785
722
270
945
186
435
497
143
459
59
592
17
186
99
155
105
219
925
485
213
71
781
568
272
152
658
592
833
657
759
431
66
891
555
797
984
224
787
407
263
111
66
918
852
787
383
954
480
435
347
51
69
885
416
772
246
867
936
638
875
5
451
561
127
914
524
516
294
727
263
907
736
382
969
881
475
53
503
737
942
89
732
162
767
297
713
77
557
980
516
447
431
315
717
243
943
717
476
995
784
137
337
221
17
455
69
1000
35
541
497
102
729
574
42
530
643
365
41
482
213
234
509
174
91
206
192
642
689
515
515
555
733
849
206
898
235
241
12
574
416
446
526
19
936
192
801
259
604
911
194
714
626
415
768
800
560
736
435
440
907
304
460
198
893
944
638
139
933
619
410
259
888
423
415
766
103
827
736
77
487
204
997
337
893
644
350
145
294
445
329
688
779
363
933
875
879
295
102
76
240
275
465
49
375
19
486
179
831
894
413
358
477
496
138
590
372
984
541
986
969
34
338
807
966
5
851
864
674
336
262
368
462
646
776
823
10
330
137
917
363
822
285
708
412
25
454
765
808
40
599
370
99
166
230
45
869
369
811
980
501
440
898
379
470
381
719
933
509
37
258
315
326
658
757
826
110
113
243
426
224
279
483
61
89
755
186
694
517
216
977
999
779
238
252
78
451
155
543
584
879
367
550
537
61
152
948
379
81
998
909
465
303
348
546
155
502
802
252
320
540
364
846
711
70
990
64
447
46
978
531
726
692
623
967
807
769
905
452
63
424
792
522
64
669
503
218
276
386
862
930
192
333
120
190
537
660
798
169
74
932
843
604
788
637
912
682
231
315
827
390
584
255
772
244
230
747
173
882
60
425
719
948
127
783
348
688
351
366
352
945
965
208
320
145
384
156
241
103
100
517
974
875
760
719
143
59
672
982
694
112
528
271
342
413
370
1
532
611
734
945
770
70
565
323
789
26
698
970
391
447
294
357
120
399
862
614
346
559
384
533
590
460
882
152
643
858
117
222
918
815
490
411
37
867
68
835
952
133
692
768
509
623
896
367
807
336
125
749
745
849
234
346
930
939
785
971
668
524
274
108
452
164
748
767
279
535
668
834
302
925
61
364
501
116
790
613
338
711
140
470
184
840
769
307
678
234
36
445
607
288
960
226
758
29
716
420
981
231
348
514
987
601
221
522
814
107
951
70
692
316
357
336
432
849
874
479
154
208
608
774
107
736
903
814
893
366
848
524
742
37
891
735
439
53
953
742
957
463
434
239
687
217
541
96
261
283
799
381
133
929
380
742
880
165
206
955
287
48
296
612
746
283
946
513
733
335
697
430
153
958
910
332
494
378
644
868
804
969
874
751
727
987
113
236
103
711
662
909
774
467
631
663
672
559
720
819
359
821
956
783
790
387
396
322
936
659
30
203
709
762
153
493
449
909
251
60
609
378
502
731
684
670
149
457
984
787
679
152
795
309
570
942
197
299
903
282
630
489
253
593
915
479
851
929
894
889
185
994
792
726
409
987
325
508
770
804
168
581
813
912
953
347
883
482
734
741
994
78
851
885
361
18
851
382
99
144
341
427
821
308
113
173
259
240
391
754
248
371
356
274
471
420
14
17
57
946
530
749
362
657
691
309
637
341
268
677
24
155
777
907
50
598
81
53
671
520
