603
33
122
474
955
933
478
450
435
561
558
521
986
637
639
103
115
214
532
527
683
543
843
707
682
33
65
27
55
404
46
953
466
689
860
708
978
548
588
606
3
407
315
149
93
801
975
391
404
55
547
780
935
449
9
941
729
596
267
803
254
275
662
834
273
398
717
8
382
862
719
153
646
605
761
915
781
3
384
603
153
843
671
72
665
523
918
10
423
539
296
903
994
977
673
236
806
648
630
949
215
880
291
933
905
237
18
499
523
230
162
694
468
40
305
472
759
234
652
321
396
316
489
861
754
401
362
372
163
879
284
493
228
539
878
345
49
62
779
686
212
135
466
736
150
865
410
452
769
221
55
567
458
583
109
38
158
493
378
452
797
969
949
769
634
855
620
905
783
957
341
192
407
523
779
403
839
972
879
789
268
653
682
629
404
708
233
281
493
406
524
405
827
126
559
913
305
479
263
822
523
185
160
582
560
259
247
610
897
347
425
587
288
673
685
256
362
377
54
611
693
998
358
654
382
59
400
208
779
212
801
816
256
801
320
94
91
94
927
841
667
84
673
72
734
751
400
88
758
285
815
350
546
279
36
794
715
200
568
675
901
663
561
686
744
633
81
222
665
843
604
536
850
57
203
105
111
249
318
585
612
450
758
177
941
412
79
902
595
966
839
771
821
16
374
484
687
86
738
866
800
689
755
628
942
743
103
195
492
858
358
951
76
775
827
235
789
925
313
611
580
857
224
991
373
89
371
329
971
971
558
967
973
789
93
529
893
919
370
104
569
103
843
510
344
867
865
844
45
709
841
200
780
423
471
789
678
891
28
459
101
4
716
972
317
727
547
153
285
13
783
988
154
262
975
869
779
869
193
322
806
938
822
135
854
860
962
113
410
145
599
394
130
661
464
676
929
597
454
264
447
100
109
599
69
643
934
205
804
867
15
673
81
144
115
728
309
695
648
680
59
833
853
693
242
53
751
785
661
784
698
935
395
393
738
192
721
363
809
963
980
665
904
919
477
244
798
944
691
123
87
383
907
53
908
436
121
261
198
482
905
34
891
885
272
305
792
88
724
41
312
565
172
967
992
538
469
142
127
962
243
84
42
852
171
99
385
439
446
529
657
901
462
471
853
856
657
205
894
281
14
283
502
94
103
548
862
315
543
944
71
215
414
718
442
958
432
341
604
868
267
988
104
374
880
144
409
798
474
856
791
707
895
440
767
123
862
618
519
100
212
511
693
672
600
883
368
892
538
290
794
641
781
219
400
942
73
640
160
632
992
968
50
337
873
823
115
885
84
640
228
49
189
272
488
685
63
402
258
947
416
783
429
922
139
655
509
71
143
945
242
691
258
362
240
397
315
865
980
770
915
401
546
982
776
578
925
54
675
308
86
878
275
5
409
725
213
860
261
132
986
954
772
307
363
445
840
333
601
116
681
765
986
119
837
639
637
704
105
730
342
504
945
552
121
623
550
432
352
20
292
905
435
286
734
56
683
558
930
96
416
299
86
264
968
675
437
575
723
643
401
333
368
344
409
324
75
615
816
839
386
850
622
998
244
502
904
905
395
300
663
405
921
868
173
466
900
683
15
161
465
235
53
153
883
39
136
494
99
971
489
564
488
142
198
132
961
808
107
738
263
108
400
588
31
966
161
796
300
871
864
193
295
337
861
233
134
981
847
749
521
434
768
647
980
170
112
358
737
161
145
371
757
80
353
200
908
446
342
936
121
279
551
31
63
33
601
504
695
207
321
289
814
521
909
365
608
848
608
942
643
642
440
653
904
932
245
59
715
169
486
123
24
760
8
142
566
302
240
884
373
918
528
732
115
771
250
301
748
616
290
296
399
674
438
758
405
639
459
101
372
376
503
435
299
902
29
880
918
756
522
406
322
689
150
152
958
252
281
168
492
153
963
925
813
709
322
317
69
53
165
755
780
278
714
160
158
487
943
209
487
559
820
812
123
516
336
130
337
495
978
631
703
265
764
36
930
221
997
742
533
941
10
833
262
612
66
911
800
482
224
248
709
273
713
902
393
660
128
590
669
577
396
914
801
356
814
242
798
661
848
484
992
668
547
258
118
615
30
708
281
554
228
227
658
278
502
61
448
462
39
505
224
592
480
878
495
278
161
778
60
593
654
557
126
8
792
748
304
976
36
54
312
70
229
632
603
989
397
342
243
173
871
417
680
535
306
699
219
12
216
473
420
250
760
370
169
611
842
557
751
372
61
238
992
986
829
838
858
684
197
467
37
570
492
107
455
419
143
78
102
11
109
989
397
247
415
570
20
325
973
127
132
615
474
521
170
453
661
593
707
690
586
333
320
828
925
484
388
693
60
965
177
70
993
203
392
789
745
496
496
547
200
475
85
250
882
849
748
441
5
768
57
760
222
895
114
715
582
489
64
549
123
405
177
788
749
897
130
693
874
922
448
989
942
789
290
242
487
252
245
740
35
873
128
780
948
379
253
725
290
784
927
560
163
624
749
809
551
886
407
64
623
424
128
375
182
508
947
791
389
677
886
238
569
66
470
934
245
368
789
64
868
767
515
68
759
938
445
324
4
406
956
857
271
64
588
817
414
399
566
374
336
335
786
381
837
491
329
198
92
595
161
598
316
997
62
723
735
73
544
210
92
52
707
688
843
233
992
155
201
344
532
874
166
950
953
934
452
175
934
279
496
890
256
631
596
596
633
886
991
366
458
571
301
440
478
739
581
613
683
794
149
942
317
81
577
903
626
637
565
207
250
377
127
589
622
815
84
209
924
717
213
406
791
515
802
739
410
501
246
603
99
304
804
366
18
632
1000
902
941
127
235
702
911
884
904
300
270
831
810
43
507
438
935
60
73
133
425
274
997
810
580
352
190
261
545
771
377
46
979
97
147
332
97
994
189
723
231
832
2
769
309
18
125
62
97
682
259
368
557
735
889
937
813
53
124
371
108
218
331
39
287
267
184
881
870
473
487
247
658
31
949
709
368
865
104
584
202
438
541
243
721
80
547
271
110
751
595
21
460
416
613
836
197
168
589
371
440
784
563
56
742
158
811
757
374
707
905
640
346
902
987
765
834
883
60
911
642
10
950
508
308
291
84
180
15
494
319
627
805
468
560
766
712
156
268
348
753
136
164
428
97
64
127
326
233
16
998
130
670
579
967
728
975
826
812
808
381
968
854
106
192
378
6
628
170
332
909
963
248
584
601
187
682
781
614
922
311
90
47
678
958
139
633
143
879
758
319
552
445
746
569
467
799
742
440
372
334
549
850
555
62
478
103
362
613
575
852
522
312
351
635
891
25
651
62
368
22
403
658
835
902
225
208
127
719
896
436
597
536
362
453
907
953
393
189
870
724
867
212
812
970
525
862
951
423
527
283
725
459
492
20
4
984
577
770
973
892
91
734
198
656
610
802
783
736
382
349
671
219
59
63
149
680
91
974
871
349
754
370
686
377
257
422
548
248
540
426
303
223
785
494
464
995
953
570
89
845
445
655
29
963
213
668
724
723
159
211
712
960
214
653
435
566
111
151
748
733
629
1000
862
530
486
486
221
157
188
93
369
275
743
613
292
164
202
415
936
567
923
129
695
597
505
65
435
111
675
124
474
299
267
473
293
61
124
125
512
876
442
71
823
487
594
116
737
419
569
785
439
859
24
600
197
99
855
883
935
470
249
291
229
979
53
952
642
366
112
306
768
735
614
172
253
670
523
87
166
327
911
541
620
601
596
740
220
367
627
724
696
707
78
645
116
968
188
649
782
379
182
434
316
64
581
198
954
357
35
899
983
443
375
299
388
532
503
132
587
591
277
330
746
525
419
896
306
173
383
654
826
7
111
881
488
456
908
413
486
782
931
68
334
249
729
362
604
644
282
232
438
471
113
98
760
611
273
785
814
904
305
85
575
538
66
770
732
77
485
173
433
291
720
822
913
591
279
493
941
479
518
91
463
63
149
591
659
213
679
702
158
905
56
853
772
963
306
628
48
686
41
802
230
962
178
891
115
970
272
71
297
706
69
746
820
371
149
757
328
449
385
911
40
971
860
41
677
585
250
657
160
911
98
450
945
27
2
259
101
436
116
860
397
498
241
771
193
241
374
110
887
707
55
632
254
335
979
731
972
668
655
727
40
491
620
183
363
643
825
58
457
194
663
845
561
657
832
327
860
304
790
765
887
98
690
264
501
698
969
699
102
487
645
36
580
872
202
197
296
829
622
218
199
104
726
647
480
876
853
802
597
275
262
95
319
813
317
849
511
232
433
5
595
550
340
348
48
604
837
329
288
882
893
351
677
776
216
513
51
379
788
567
28
702
599
96
178
454
479
410
955
762
316
937
289
280
625
297
897
718
603
346
755
644
471
580
296
123
440
586
168
165
828
214
452
985
690
193
40
419
31
611
798
863
935
126
479
535
270
230
961
835
962
217
711
937
397
800
111
865
162
811
48
94
493
144
231
632
581
270
703
198
528
138
334
564
611
383
787
827
373
308
728
511
364
664
944
165
580
626
282
565
389
253
885
760
988
758
534
268
243
562
707
631
954
785
17
277
431
34
592
263
708
72
526
230
548
531
216
603
117
61
702
200
196
96
333
569
151
735
626
289
389
726
150
903
597
877
955
426
797
597
624
991
281
368
35
825
354
862
251
145
728
93
983
883
788
688
11
989
720
460
402
389
513
285
320
185
256
835
95
70
597
190
208
686
437
881
622
643
767
124
34
383
612
811
968
458
593
7
570
639
721
544
173
419
347
282
658
61
45
437
337
881
405
609
366
641
516
641
386
553
358
647
680
745
816
924
890
914
991
598
581
592
224
321
859
556
263
24
142
416
481
86
145
652
235
703
188
237
884
25
467
932
804
354
643
291
929
402
848
407
590
117
204
857
207
575
937
604
403
847
129
678
968
403
299
615
117
724
753
798
287
203
486
130
665
789
522
57
771
29
660
403
894
631
326
16
856
392
724
233
953
140
152
567
275
925
905
681
287
822
586
364
227
637
582
680
590
191
905
162
654
401
450
843
875
635
505
412
966
286
575
486
380
412
343
55
397
252
1
394
330
19
236
315
62
689
464
875
514
647
146
925
652
711
747
798
922
373
885
828
933
247
436
355
948
292
670
521
243
154
904
885
652
125
756
302
700
985
102
349
350
910
293
931
994
531
608
53
688
499
121
192
179
227
340
95
780
87
340
469
816
307
655
306
311
351
486
450
745
44
274
475
710
369
218
770
75
293
17
470
132
411
181
199
430
164
417
632
580
72
951
243
855
661
858
870
92
744
782
775
842
577
598
155
382
600
862
493
777
427
953
136
729
747
475
789
282
484
2
365
480
408
536
714
71
104
112
207
59
893
45
755
574
248
963
178
561
306
341
856
539
269
145
302
933
313
874
197
1
321
246
980
372
806
391
607
636
951
870
584
136
635
702
681
414
570
756
844
765
777
544
20
999
874
862
872
522
549
935
987
79
248
597
483
287
550
893
465
956
153
794
231
545
64
177
771
953
127
136
273
96
662
161
923
905
157
356
534
533
347
136
695
344
82
44
339
280
642
594
843
157
540
922
174
117
592
392
659
916
416
716
523
977
546
934
325
903
112
863
34
286
522
655
670
166
763
702
469
840
362
331
822
97
968
608
976
728
332
782
167
164
156
802
760
463
597
233
309
287
685
646
571
53
596
497
263
374
698
648
137
292
365
921
571
580
609
881
517
819
310
854
560
360
753
420
981
336
343
654
653
873
807
60
416
715
528
818
155
786
297
117
416
389
230
367
518
454
445
974
413
240
102
8
275
820
596
860
996
991
532
443
287
435
6
991
506
957
840
909
706
330
920
22
897
646
487
787
63
727
883
75
578
442
690
980
945
848
143
707
417
548
296
452
364
90
819
798
632
641
525
137
958
69
271
543
251
327
811
883
423
773
369
761
362
340
291
949
301
279
477
95
909
302
911
551
263
759
30
188
229
758
321
226
853
633
906
786
939
894
749
786
273
340
42
641
924
556
242
418
883
891
15
385
585
291
787
928
130
60
765
789
532
91
976
926
838
73
94
324
470
160
381
64
595
792
907
542
929
944
814
421
117
317
705
801
531
185
683
4
755
142
710
825
652
118
931
133
90
422
664
516
853
450
399
687
605
127
670
686
734
293
970
36
230
608
490
621
163
851
872
52
458
365
499
34
228
784
675
122
535
322
124
685
923
6
986
91
99
127
467
657
258
712
281
506
771
839
28
351
462
108
840
328
278
884
522
644
16
53
889
962
185
133
343
470
234
692
737
745
243
843
325
96
104
792
896
121
253
752
58
762
984
933
783
532
782
202
347
722
742
212
762
184
839
488
135
756
313
100
719
550
596
231
460
458
9
298
459
536
402
718
38
73
892
920
709
417
552
466
271
412
804
516
169
622
566
574
150
738
511
647
584
131
251
95
490
507
515
911
17
715
83
105
756
970
409
859
313
996
309
263
135
593
874
776
734
419
45
142
188
429
811
953
202
133
618
52
434
895
341
514
818
401
716
747
573
561
505
338
364
841
872
15
401
727
875
141
133
478
445
747
955
131
542
553
396
920
895
349
367
735
315
434
612
432
552
622
252
638
480
248
785
623
904
924
762
535
277
664
694
727
313
635
761
969
354
617
129
918
610
564
270
669
784
647
523
18
646
513
821
56
2
695
527
849
28
252
992
62
403
214
176
447
377
485
320
436
997
529
933
564
930
675
148
134
331
721
915
971
984
355
81
758
809
975
130
885
487
818
4
266
46
438
267
93
46
236
645
805
260
536
495
748
176
678
439
746
46
21
257
711
262
563
970
377
204
275
637
672
785
770
508
26
388
729
458
470
903
936
506
430
291
833
431
485
92
656
55
614
229
75
163
790
575
297
498
513
226
163
284
394
736
414
401
219
713
551
991
635
282
53
428
390
304
162
812
809
809
848
39
923
471
187
354
732
539
903
115
689
205
333
548
149
204
116
995
540
469
243
726
456
712
319
872
353
117
196
454
209
448
261
58
557
614
422
218
280
526
297
919
737
664
234
126
561
179
700
293
103
676
901
33
957
711
221
734
593
560
978
150
680
837
924
376
509
48
628
509
313
508
116
992
769
814
74
869
137
398
229
462
12
720
43
398
157
741
70
193
576
945
557
105
723
705
468
192
964
140
749
554
120
846
474
812
616
462
741
791
551
737
969
554
204
718
91
556
575
12
493
780
185
945
610
749
124
289
226
82
453
1
315
91
301
78
718
672
293
485
300
90
413
434
529
511
365
401
914
414
768
66
96
761
809
60
786
121
555
469
797
364
172
468
297
881
304
351
756
885
640
572
689
845
206
171
132
439
609
92
715
713
944
718
8
170
460
823
163
842
463
493
384
661
536
962
518
390
589
470
469
661
234
59
954
200
808
47
225
774
638
964
589
253
15
296
688
563
664
766
905
432
623
279
971
775
318
36
336
176
759
838
179
974
342
290
562
57
617
126
196
395
488
643
917
190
637
767
786
536
549
400
550
845
793
49
602
928
706
433
811
176
186
951
69
943
434
720
374
931
231
581
892
638
199
824
750
186
567
634
936
345
538
441
772
400
496
755
705
538
911
781
233
644
263
806
918
243
8
216
184
769
226
254
348
304
876
836
806
434
653
648
262
75
409
736
459
371
850
365
991
364
99
290
923
671
964
872
162
220
652
560
126
729
677
194
797
510
965
858
563
549
383
856
748
973
534
575
417
486
513
723
457
700
299
815
229
782
767
570
142
610
301
768
649
530
31
510
504
437
570
311
137
357
328
488
429
518
357
555
790
902
390
361
737
922
218
483
419
896
166
836
200
289
45
958
641
895
25
804
641
580
668
818
132
429
282
841
600
89
320
933
76
283
923
940
895
988
382
691
50
593
76
730
523
580
595
745
985
552
321
550
705
489
610
605
994
552
418
482
888
621
841
769
465
272
578
218
207
487
898
381
699
941
181
820
620
569
174
392
900
773
537
72
774
880
929
234
503
844
355
809
775
826
567
168
710
30
411
727
285
573
576
738
993
960
757
324
483
460
73
163
863
827
534
448
38
680
889
460
658
643
860
300
849
240
2
112
567
818
978
336
308
24
378
271
495
968
957
264
246
894
602
639
966
501
183
975
701
685
932
976
870
248
614
635
977
497
633
4
806
147
428
411
959
304
452
176
818
882
151
971
445
815
323
30
868
679
777
915
214
545
494
361
773
13
386
564
383
911
871
820
670
334
870
606
874
215
924
392
604
227
497
35
998
197
572
240
974
268
854
914
748
117
977
744
75
300
582
129
170
290
846
570
393
696
540
71
101
530
446
913
666
266
488
603
306
92
931
675
838
4
321
293
818
462
159
679
9
753
83
311
652
537
957
834
584
641
587
66
402
895
955
574
236
399
688
107
25
336
283
357
571
107
308
455
978
478
725
210
583
273
452
631
883
574
82
782
933
582
258
920
144
966
855
398
963
599
883
706
500
497
509
673
640
648
506
920
71
760
915
313
533
186
839
266
967
327
839
538
841
353
263
252
998
356
453
192
495
241
669
727
587
296
568
444
743
58
452
389
499
764
718
693
476
568
280
799
319
483
72
30
514
455
898
707
512
524
420
1000
913
915
630
646
960
575
891
995
769
147
559
604
44
890
534
947
873
40
123
231
121
27
705
442
276
646
771
504
938
561
419
100
317
218
583
818
657
681
328
648
596
123
688
72
10
336
294
986
210
921
30
864
432
188
244
628
348
663
83
487
904
492
359
266
709
624
584
883
739
262
191
837
560
699
73
171
408
829
309
495
634
337
63
997
53
76
745
608
91
511
364
208
884
688
687
74
464
55
492
642
215
311
870
1000
768
612
109
607
899
571
949
811
489
520
666
404
619
44
133
500
167
556
986
894
655
61
392
954
936
489
434
329
342
344
382
264
92
116
915
546
287
602
924
568
351
482
969
73
184
965
980
541
924
180
361
734
303
753
164
163
819
235
895
345
629
207
748
432
455
863
685
525
902
44
565
789
89
232
98
254
718
680
937
953
453
14
89
178
443
116
889
666
328
774
933
40
622
768
923
622
881
426
268
591
282
707
317
717
22
138
118
767
597
775
148
157
454
861
743
552
455
746
136
68
859
707
981
688
380
397
701
426
197
330
815
729
674
295
503
725
479
805
249
543
585
564
688
131
782
770
107
734
898
202
69
75
507
305
168
149
100
595
490
661
132
382
781
879
644
98
413
990
667
605
89
433
884
179
247
334
236
545
201
223
943
208
624
769
785
648
599
648
370
627
128
262
987
843
57
764
776
7
255
110
785
157
774
516
80
488
407
950
934
954
779
215
638
285
166
908
824
974
293
181
377
574
235
643
935
186
768
960
398
726
807
379
835
936
847
658
996
692
193
747
899
644
601
248
612
883
206
633
283
494
117
45
890
428
364
28
307
579
667
318
896
268
326
823
870
885
778
62
895
871
243
527
867
814
69
712
740
242
248
494
498
269
999
829
986
544
543
687
204
178
747
81
335
705
692
180
775
726
980
881
908
617
734
870
156
451
483
139
40
657
798
829
803
828
142
841
835
44
208
914
255
721
470
495
636
894
193
838
124
739
62
240
814
788
354
298
924
296
684
230
128
800
139
446
215
180
422
755
156
826
676
502
137
507
614
712
391
15
232
524
513
190
68
52
319
773
82
147
979
675
709
19
871
717
756
680
200
801
91
73
670
184
813
20
462
338
770
296
79
72
932
590
372
459
107
761
53
235
295
684
213
447
481
719
231
336
576
672
974
760
938
395
77
848
186
418
109
594
531
330
197
195
538
481
980
300
121
572
457
15
936
501
906
399
237
439
428
641
659
793
325
147
171
302
100
969
100
139
953
484
681
724
751
917
685
856
579
521
1
430
598
574
573
114
551
951
725
858
112
996
131
109
347
142
934
11
331
374
121
165
903
30
662
424
159
975
345
420
769
25
934
93
686
217
908
611
616
500
903
215
497
726
484
533
1
170
955
231
611
959
222
380
204
745
804
954
415
750
525
653
901
509
469
937
124
686
698
3
449
773
928
403
122
357
81
678
757
636
57
196
1000
137
664
904
219
298
90
48
994
679
824
560
671
356
467
771
824
526
20
832
471
552
590
483
370
806
181
438
953
614
399
852
515
864
663
744
390
353
415
103
976
986
846
751
454
366
22
844
285
647
274
511
354
346
617
274
863
940
321
102
914
860
632
32
467
891
927
971
951
491
148
823
957
90
79
29
101
85
472
858
185
882
255
301
702
791
123
483
463
416
972
198
604
423
830
663
400
205
496
188
824
718
394
141
80
844
909
181
869
744
139
265
930
551
511
297
216
865
992
717
351
399
358
509
956
297
734
100
603
298
172
388
232
239
468
889
242
559
6
332
675
105
599
887
954
45
179
481
450
493
356
606
206
981
329
520
540
763
370
204
58
111
964
894
140
203
490
581
678
526
805
808
357
715
12
840
382
794
512
608
257
535
482
180
612
704
28
283
19
23
201
451
913
537
880
580
430
327
387
943
482
574
578
161
772
807
370
104
152
503
25
378
334
453
397
133
91
158
167
675
866
2
802
815
60
402
788
586
404
261
268
173
766
482
410
917
499
929
238
934
865
710
762
216
843
650
936
18
746
250
11
456
67
591
386
919
996
332
845
476
769
919
206
172
970
11
36
455
622
436
245
949
728
39
295
192
23
816
863
19
623
94
93
689
138
894
521
623
203
655
251
872
866
668
490
424
841
416
515
78
929
71
907
962
556
300
567
610
385
894
212
364
819
150
831
410
467
186
917
771
243
178
442
162
736
11
28
532
598
993
876
965
39
11
203
286
289
672
357
810
245
918
4
359
982
699
377
622
316
912
963
679
667
581
647
641
4
912
429
713
420
470
445
683
201
500
916
381
98
894
100
313
242
786
233
159
405
955
7
422
440
75
651
678
356
600
212
733
958
370
820
84
438
538
264
764
327
58
167
590
301
184
479
284
773
871
934
907
269
253
770
169
725
676
534
288
453
779
768
587
715
149
44
283
50
740
28
95
45
273
831
622
490
629
302
616
566
492
618
938
489
82
967
228
913
758
570
950
274
3
681
760
665
210
755
538
249
853
892
457
228
545
793
961
918
242
918
552
744
199
563
147
775
371
322
878
910
540
747
545
286
578
277
138
485
351
176
64
525
295
212
507
267
494
876
633
900
621
263
204
772
227
788
290
488
797
491
687
234
311
122
114
283
600
78
799
383
556
940
882
852
17
512
621
141
511
919
811
957
645
594
640
247
660
494
316
737
528
222
374
53
993
755
481
582
41
661
800
663
694
536
694
440
418
372
217
595
186
848
434
580
426
252
830
842
555
925
722
207
605
70
955
627
545
107
919
422
159
808
108
591
14
209
950
422
162
121
576
846
346
829
952
247
441
262
518
5
45
417
169
799
648
487
417
475
609
867
883
511
384
276
972
384
630
862
380
458
163
646
501
585
652
466
435
881
905
363
309
494
657
801
808
178
64
864
800
213
568
603
593
969
873
943
252
202
497
745
696
610
960
824
954
895
170
772
707
525
182
981
963
178
131
489
777
787
120
862
346
250
298
53
509
191
197
257
666
135
79
359
321
840
880
882
321
492
144
496
733
366
15
547
238
206
367
653
35
726
643
951
199
275
441
59
232
338
968
296
412
601
336
453
10
404
941
186
260
123
656
539
745
892
910
737
355
822
905
686
10
112
189
226
306
557
820
217
31
965
335
182
711
519
147
134
359
745
150
383
845
20
312
549
942
287
753
496
173
822
106
904
170
462
459
739
209
740
668
277
633
646
406
455
91
786
447
841
456
59
29
452
690
91
711
937
151
777
870
271
76
536
608
166
641
506
511
942
903
130
697
409
630
468
763
739
793
112
967
345
573
671
377
350
542
102
853
317
240
990
182
693
21
115
966
707
484
841
321
589
666
344
62
271
204
593
822
986
944
889
669
104
100
769
63
376
712
58
540
861
436
838
529
504
255
618
971
724
681
450
963
100
230
920
566
292
752
613
39
276
38
40
362
215
914
124
719
556
727
269
192
811
45
977
928
437
636
776
891
494
104
187
704
406
831
448
913
149
891
210
949
224
608
152
805
715
71
806
753
770
217
165
382
475
514
829
467
620
324
720
662
701
241
457
808
443
553
692
925
247
50
944
631
157
84
417
751
265
279
842
221
760
575
260
832
161
724
946
310
683
828
458
707
406
225
866
536
82
116
644
378
998
324
641
173
505
342
57
867
75
973
983
227
192
317
749
714
762
156
959
146
388
682
834
673
966
438
367
256
78
760
869
378
692
662
594
522
468
407
225
48
392
986
275
830
905
82
673
955
149
461
720
439
121
644
800
517
606
319
756
738
977
174
233
831
458
856
642
507
116
715
364
699
630
37
755
248
930
6
325
15
391
875
127
584
91
794
956
438
598
716
296
530
869
204
287
423
950
581
158
749
126
616
729
480
610
124
310
606
45
305
776
462
2
743
335
848
56
201
979
503
589
662
887
283
13
222
396
646
510
390
137
650
653
50
586
665
331
532
619
106
420
800
338
183
202
494
377
762
318
375
562
332
47
119
423
657
559
625
462
291
673
672
957
742
338
702
748
650
12
238
382
543
992
540
465
357
991
473
212
942
69
717
694
216
348
982
792
497
948
48
621
902
108
551
630
966
409
938
375
478
847
133
380
341
456
564
482
370
811
709
408
680
932
500
527
493
216
672
450
179
780
577
343
226
201
851
895
428
318
337
7
666
364
415
551
339
421
250
2
315
858
921
630
195
328
834
8
850
598
427
940
185
227
741
400
578
734
732
895
831
861
1
50
714
675
311
855
377
799
741
243
762
622
965
406
809
344
837
728
178
914
744
529
639
261
270
217
898
897
746
351
850
996
638
764
566
997
708
649
558
731
923
168
227
346
468
64
531
63
829
411
117
91
128
499
662
267
88
612
861
539
677
465
590
533
34
711
406
437
33
324
351
179
300
495
837
504
926
785
469
297
617
107
375
943
82
34
325
629
74
538
279
515
479
58
543
967
95
927
970
90
304
730
810
639
777
100
529
419
900
228
652
730
962
373
121
502
84
167
824
737
386
171
69
729
212
694
691
706
848
827
348
586
890
391
791
128
350
450
196
410
427
921
239
802
495
304
754
673
204
497
820
263
121
569
682
229
10
208
518
490
302
866
862
658
882
737
598
225
270
156
902
376
784
205
223
888
842
808
706
197
452
731
361
104
850
637
790
382
8
220
120
326
198
889
487
524
335
519
678
545
772
656
341
925
927
233
521
220
861
525
368
63
366
705
973
795
496
611
208
555
687
541
374
45
819
536
747
308
909
584
699
378
772
588
17
363
433
822
912
363
45
440
782
227
970
109
239
645
31
831
684
460
604
389
574
312
10
322
591
526
156
247
55
128
362
809
732
111
199
433
65
719
786
893
355
59
667
11
19
122
358
199
820
679
306
286
461
295
728
445
346
806
143
371
145
179
144
824
460
459
122
870
871
562
860
35
919
371
90
251
872
526
357
543
997
876
517
612
872
2
360
889
559
584
319
621
840
363
611
932
993
108
694
732
255
620
224
752
863
282
13
711
466
18
845
213
508
601
952
875
651
652
409
967
814
587
143
523
249
859
298
68
926
168
808
46
586
618
897
723
11
612
142
503
594
782
265
83
111
72
255
494
944
521
262
65
816
133
624
96
489
865
368
427
598
739
93
128
581
973
946
603
419
593
570
997
320
425
750
624
560
339
259
502
836
517
746
77
501
730
775
613
4
369
301
283
376
490
899
728
225
886
281
935
516
144
418
352
358
966
193
881
822
443
344
910
104
950
839
810
389
436
476
328
770
335
141
446
629
56
656
302
313
546
382
265
983
735
999
899
370
558
19
265
323
727
173
367
876
67
205
512
934
251
632
224
613
749
719
619
118
376
389
949
215
251
718
680
947
967
175
103
822
31
521
339
146
352
781
947
402
757
508
344
754
26
282
788
277
111
971
936
339
214
834
721
612
175
815
876
986
533
491
114
267
618
672
614
43
798
432
353
933
638
779
663
128
987
944
760
854
330
167
498
670
815
655
493
956
789
497
628
23
148
638
405
586
501
394
442
582
343
941
579
731
842
764
540
467
127
67
100
501
897
373
131
590
443
824
734
885
866
686
279
887
11
719
35
17
486
576
33
816
363
128
539
730
618
345
997
8
433
543
52
566
17
242
578
406
369
250
95
644
65
958
598
275
13
888
507
887
399
310
25
177
580
823
542
566
417
136
292
238
866
876
761
133
270
916
265
989
982
783
130
245
217
563
477
888
977
700
183
425
122
281
690
867
143
880
644
493
555
569
447
567
463
693
751
570
525
686
40
345
821
144
474
20
780
456
947
208
362
329
852
723
629
538
585
268
704
272
267
560
384
935
718
142
7
939
446
373
110
603
369
645
131
737
159
858
967
194
422
964
805
852
113
873
740
300
797
484
519
630
748
491
510
236
181
216
57
706
751
338
366
854
280
229
452
218
662
225
986
997
122
420
788
293
720
970
745
717
548
228
585
63
307
636
879
281
737
907
555
738
49
453
266
127
138
365
983
701
756
988
316
732
889
100
237
774
225
179
701
237
642
233
982
157
548
898
244
567
143
128
128
589
249
307
759
849
211
89
881
980
246
767
651
636
925
381
926
192
356
785
465
765
292
838
630
743
306
167
500
657
471
370
10
279
814
990
356
74
661
209
12
794
586
310
952
539
551
695
250
590
537
870
960
689
480
947
375
951
369
776
490
385
3
710
343
561
520
584
828
12
469
991
52
830
920
232
648
489
271
654
247
638
155
663
75
377
679
480
32
144
930
127
423
949
597
142
835
248
800
105
303
621
35
477
835
438
690
82
865
129
591
741
998
889
885
866
848
58
92
146
640
413
531
928
717
418
606
471
631
312
299
658
105
270
786
857
280
442
308
198
734
649
733
160
757
581
745
619
374
468
849
605
272
207
515
963
327
785
520
378
862
204
127
709
995
154
744
613
966
495
400
526
474
875
777
485
930
408
317
240
6
680
666
735
552
843
158
805
84
888
97
514
437
511
812
595
941
170
601
511
527
834
989
639
485
128
179
396
583
995
201
46
925
974
161
397
837
429
534
334
595
892
464
873
610
361
530
577
144
279
451
37
955
251
22
365
522
738
702
88
810
631
248
259
236
417
459
56
254
790
632
678
444
806
960
609
121
751
493
746
313
785
122
937
185
715
12
138
952
194
218
216
180
410
148
415
864
88
791
620
176
213
318
403
636
274
367
105
895
949
751
34
984
506
760
288
402
362
657
101
638
789
806
929
90
490
397
654
79
151
724
472
479
943
268
474
756
20
853
988
887
568
356
592
796
484
263
318
159
374
127
197
588
513
467
778
245
141
48
786
50
852
288
80
421
441
858
634
104
139
632
254
130
50
647
641
21
179
869
316
382
78
120
51
859
257
532
555
190
879
45
596
183
733
306
863
982
587
179
548
18
726
874
606
331
411
527
852
865
856
595
784
460
188
69
357
429
530
195
383
389
381
906
992
318
399
126
450
366
190
751
580
342
975
752
932
972
714
23
159
99
470
85
37
180
780
97
447
286
574
466
525
808
806
686
94
62
24
872
846
320
794
133
687
600
674
931
687
567
318
557
761
390
947
784
220
560
286
377
436
851
176
902
60
767
243
314
288
495
675
361
622
999
641
511
800
849
135
363
248
137
641
903
802
61
636
841
256
143
734
626
350
581
47
774
403
4
444
946
781
489
1000
622
832
293
984
497
579
926
782
729
780
532
490
869
763
384
87
162
254
669
825
236
839
279
318
929
172
606
809
141
534
480
439
863
848
726
935
85
33
360
224
576
72
149
727
913
946
355
765
761
293
934
639
191
286
547
153
218
154
401
951
498
926
265
827
60
938
359
479
355
617
101
785
252
759
829
276
156
857
994
641
662
971
693
727
279
188
920
263
160
246
526
876
610
869
229
551
28
795
813
179
807
191
508
249
695
517
145
265
593
292
625
110
494
221
484
189
333
933
628
498
431
284
690
87
943
189
635
723
450
494
712
366
101
960
475
621
284
162
392
742
147
666
622
65
855
236
63
343
214
258
339
246
8
163
41
648
218
113
570
113
935
213
97
935
123
932
641
658
621
227
608
563
77
85
361
992
860
390
506
961
189
152
844
108
813
112
180
911
846
116
289
932
127
398
618
438
922
68
678
699
986
986
966
345
113
695
985
906
858
781
55
164
240
223
770
168
137
928
929
580
221
846
58
504
141
366
184
223
474
845
311
335
495
903
624
628
41
996
679
976
129
1000
845
599
31
215
369
745
990
325
254
965
706
648
676
498
654
891
136
494
922
596
936
963
422
273
869
822
579
638
25
173
943
757
735
316
739
891
9
539
485
242
254
346
183
980
236
908
311
179
834
106
439
437
94
273
671
302
370
822
611
630
77
564
475
896
534
832
79
634
212
412
170
81
398
797
247
61
633
296
992
549
640
274
3
757
532
895
45
253
743
736
878
267
697
191
468
518
55
86
692
523
93
252
707
94
890
32
26
914
249
649
297
620
502
609
702
509
60
928
719
59
419
343
126
88
379
597
809
724
56
836
986
205
200
494
737
922
303
181
274
921
268
894
379
931
301
75
851
501
696
397
702
267
486
851
755
828
415
265
624
903
885
560
563
257
364
675
499
892
222
323
628
789
312
903
551
703
820
649
355
880
349
664
615
3
205
329
837
973
127
89
625
59
755
760
793
719
634
635
111
132
846
897
490
436
466
212
404
119
838
281
827
882
979
862
216
337
797
770
163
884
875
478
71
971
415
100
248
151
543
317
422
889
745
904
979
167
525
948
247
479
604
989
965
507
322
644
852
453
322
506
796
622
123
323
540
968
435
27
216
100
323
691
762
315
723
472
172
974
710
933
982
866
633
332
447
330
894
844
498
664
484
15
558
832
961
190
814
298
620
439
532
953
428
864
611
806
345
729
459
526
489
557
983
275
856
534
706
393
146
501
483
917
923
994
512
370
589
818
348
672
620
478
838
613
604
451
175
733
985
894
75
757
191
564
384
16
231
967
954
880
804
929
682
756
592
839
985
188
752
762
671
238
32
692
786
796
453
494
933
818
985
638
594
559
298
679
272
938
831
534
862
933
652
638
300
196
822
603
826
825
564
503
956
677
103
259
9
289
846
158
808
189
939
372
265
482
354
267
830
974
871
837
52
252
450
334
16
91
16
193
900
943
124
41
99
898
61
100
761
179
520
765
964
751
334
221
614
21
206
330
450
547
250
5
811
761
922
939
412
238
95
682
687
255
896
956
859
950
560
384
977
316
124
338
150
310
365
844
835
303
230
219
268
177
222
215
470
677
875
394
269
670
573
412
465
954
534
218
425
791
624
527
357
560
927
904
406
139
821
732
879
916
529
544
443
316
660
44
883
27
921
131
730
776
531
184
273
608
161
67
943
596
350
976
398
137
386
199
93
875
537
109
921
338
393
450
856
897
200
179
424
382
711
278
365
964
614
392
897
587
902
830
256
470
265
617
558
992
714
15
856
744
269
925
234
154
499
498
698
102
745
157
660
130
732
776
382
309
556
332
410
222
144
340
175
413
323
637
40
427
870
336
735
216
646
869
935
197
780
397
885
758
688
173
62
451
263
433
223
545
763
379
149
943
221
750
240
613
144
454
500
762
678
714
583
586
953
584
91
33
339
715
260
579
654
845
371
394
462
823
353
141
536
518
637
126
9
53
278
750
904
575
848
472
931
984
13
967
821
333
341
973
41
15
81
832
991
742
102
261
183
872
274
979
122
140
247
47
452
248
826
804
930
501
951
589
156
668
320
426
615
761
579
724
441
585
809
399
691
744
906
383
173
233
799
485
596
579
461
103
642
903
698
212
834
197
375
481
247
86
352
959
295
564
981
365
869
127
589
441
484
951
78
799
97
591
118
189
81
822
134
23
827
802
88
60
506
550
681
854
703
89
309
777
559
196
704
387
12
214
3
404
189
372
759
940
60
457
658
335
246
976
2
358
64
918
164
211
257
297
100
966
434
226
207
736
36
461
931
477
680
897
90
29
897
639
158
363
661
702
280
494
56
610
720
56
419
6
171
626
749
93
263
508
96
876
30
445
179
627
840
346
750
829
492
367
90
201
137
301
211
162
959
335
605
4
29
294
830
847
751
935
446
379
178
823
499
674
528
53
983
614
315
455
548
553
873
726
448
270
930
103
685
328
796
654
529
122
698
154
440
279
204
807
374
452
352
903
698
619
824
811
288
883
89
586
962
630
210
349
204
799
344
559
868
355
899
497
885
598
605
326
475
692
360
833
392
839
198
507
257
800
125
22
921
168
556
514
483
836
328
592
782
132
960
757
59
245
279
854
478
946
764
771
98
201
425
732
453
627
189
917
90
14
850
445
157
452
738
441
452
640
220
811
114
909
999
378
284
953
166
297
33
445
531
342
675
568
539
881
888
641
919
270
494
761
987
960
44
203
953
517
385
578
486
127
441
625
528
332
256
279
534
487
24
340
32
370
908
448
402
348
494
773
698
63
481
972
853
756
256
327
131
864
803
200
232
52
276
805
265
195
141
572
220
393
628
579
63
52
790
211
954
258
438
154
285
678
582
369
781
607
771
745
824
316
711
287
721
232
557
359
398
418
151
561
613
499
42
350
309
117
860
522
321
983
373
394
79
341
918
733
88
836
874
416
633
695
454
544
749
383
219
322
328
71
424
267
753
817
650
957
479
42
813
136
904
247
888
778
579
844
163
142
830
907
31
224
636
632
371
553
439
196
386
253
644
294
126
348
316
419
242
616
60
223
256
831
151
676
918
27
907
84
372
528
279
163
824
880
952
759
653
512
529
751
365
215
26
204
107
105
397
4
826
422
731
558
955
839
961
540
676
963
861
521
216
427
902
804
243
452
269
228
13
317
343
272
757
916
831
844
362
814
985
123
170
218
380
271
191
222
192
102
14
766
627
81
351
421
842
823
902
30
712
557
881
966
647
595
469
733
795
860
91
636
141
749
953
476
288
295
893
668
163
392
469
548
488
21
309
121
587
834
831
378
651
132
104
872
652
515
775
169
588
178
465
602
709
646
199
649
389
678
706
757
607
7
873
227
861
291
419
89
571
954
840
283
991
145
524
481
695
151
819
915
206
70
22
886
649
64
465
295
396
388
120
265
819
760
356
629
518
159
788
239
54
973
525
375
723
506
367
643
182
939
361
625
851
567
166
781
503
678
772
745
35
487
302
151
120
732
172
594
305
96
805
698
97
222
451
13
463
886
172
360
472
116
272
446
814
402
559
974
99
37
127
453
90
982
616
106
263
950
70
545
256
734
32
470
886
382
712
55
840
121
589
875
245
958
160
874
328
518
764
683
829
568
361
925
66
48
853
13
226
318
888
328
697
583
600
551
563
389
447
587
257
936
491
496
771
966
682
341
839
523
263
166
321
469
213
721
556
198
551
468
804
782
248
332
371
777
246
426
77
850
519
351
28
65
609
558
245
711
890
663
322
175
148
685
157
514
324
255
483
351
692
2
46
178
500
538
99
330
418
703
489
969
896
46
484
564
172
635
654
478
32
453
979
218
599
436
433
270
48
770
692
397
254
648
348
88
765
543
735
903
55
105
349
468
482
901
725
30
299
87
26
388
892
275
70
538
343
403
847
377
803
830
271
355
715
469
41
312
882
430
830
177
938
425
653
701
678
827
766
328
152
259
810
761
410
604
181
109
498
374
525
283
269
240
463
900
61
411
539
684
57
233
134
309
998
199
18
213
320
102
366
285
779
881
94
87
790
66
611
126
479
95
804
921
518
647
386
328
453
5
37
144
926
913
815
504
779
70
480
282
706
939
654
842
202
280
913
51
604
415
960
96
763
384
104
434
812
564
322
57
293
547
484
755
257
326
409
67
757
135
835
846
664
158
547
484
746
207
371
229
609
545
644
164
33
876
213
536
380
280
188
920
355
560
785
824
868
827
528
209
630
991
147
91
751
979
320
114
660
164
659
542
541
519
225
863
438
138
533
742
214
810
764
708
397
164
697
169
694
55
670
256
154
408
596
249
988
318
255
531
951
743
395
565
89
714
664
373
186
93
90
126
358
368
188
638
153
440
885
198
389
865
342
164
715
837
780
361
661
804
429
371
900
369
694
905
557
931
833
711
653
156
953
128
252
727
801
544
63
370
667
723
289
238
334
706
189
525
585
456
400
252
540
551
498
110
899
32
998
356
936
112
976
981
307
808
813
815
981
986
842
68
630
326
697
504
351
648
565
147
208
946
351
481
412
441
551
906
112
357
175
433
273
821
775
932
812
533
61
422
131
3
357
458
625
880
259
140
710
220
29
492
865
223
900
563
194
27
962
316
555
564
480
477
319
102
99
643
320
689
891
259
306
241
805
588
526
414
282
549
514
40
653
891
328
799
289
493
970
474
5
864
293
314
75
521
468
38
926
260
985
183
671
644
464
954
807
359
112
448
467
47
343
758
316
937
853
850
923
669
710
243
872
589
312
129
567
750
902
514
733
694
890
466
934
169
943
62
910
428
999
942
428
377
860
162
101
509
634
261
953
860
764
417
300
977
672
903
594
269
717
470
723
605
235
840
611
708
9
396
182
977
670
337
278
128
213
340
774
889
617
17
404
392
159
211
79
155
433
900
946
192
897
471
753
95
218
655
780
464
873
403
67
824
114
602
786
91
84
131
778
795
890
121
812
78
113
922
496
915
321
290
63
719
78
578
95
55
801
138
849
206
815
464
578
245
861
612
487
381
554
760
404
303
741
315
474
992
79
300
77
477
192
924
716
331
394
296
208
430
886
632
170
833
994
696
747
544
360
90
676
112
832
316
303
407
193
807
405
462
666
850
967
416
967
887
236
836
417
797
241
496
121
580
822
361
275
307
403
634
942
832
446
365
97
414
691
405
273
423
728
616
511
706
57
145
456
401
838
387
228
631
395
824
876
151
479
443
889
74
91
196
140
965
71
8
564
88
139
402
466
522
744
307
615
53
856
97
1
313
163
253
255
353
109
949
709
224
902
632
676
466
12
373
723
776
756
3
7
927
453
721
913
355
46
982
534
839
337
20
479
319
785
173
53
47
791
776
157
571
41
416
535
394
281
706
793
456
209
41
503
995
995
324
543
107
316
639
528
342
252
577
195
291
416
565
99
339
41
284
749
983
814
194
526
429
218
951
895
327
206
363
926
330
111
272
948
630
564
628
977
360
423
680
758
923
611
861
373
1
16
891
388
881
933
215
341
750
383
807
224
692
848
587
885
328
18
42
249
831
334
560
990
715
578
30
936
747
777
950
553
725
591
56
702
260
373
135
840
176
622
41
110
402
74
763
470
83
597
871
654
319
664
539
490
714
621
971
818
132
837
410
413
328
578
802
221
162
223
294
885
352
603
20
352
987
896
230
703
213
602
6
294
217
792
386
296
743
786
763
312
999
654
492
719
871
588
232
212
418
864
882
727
474
618
915
44
4
698
707
743
581
69
589
200
597
495
813
572
155
63
463
877
760
932
455
716
600
790
115
483
831
924
28
255
100
280
311
823
258
353
533
19
669
922
984
780
68
932
203
88
652
281
268
127
416
741
732
846
64
381
205
732
21
450
38
679
926
802
175
85
865
531
569
394
887
796
961
719
297
62
413
262
99
384
749
130
788
410
328
292
725
92
157
93
361
1000
395
55
787
384
298
805
399
520
132
294
956
610
646
613
377
928
942
141
17
80
755
682
600
576
370
936
855
586
466
157
284
59
454
95
453
815
585
298
771
608
537
215
133
408
602
74
335
269
311
47
759
793
148
92
937
586
927
943
523
543
692
963
230
94
41
418
509
759
71
1000
795
793
254
621
454
587
417
541
263
192
110
797
441
476
161
956
389
908
489
355
424
111
523
527
492
679
800
589
472
718
220
637
425
123
108
808
653
427
79
368
559
966
643
763
796
943
626
122
289
17
792
960
46
568
698
293
600
585
259
899
959
682
878
418
421
539
491
959
329
805
321
667
938
753
286
370
497
430
688
182
904
238
803
522
475
551
98
104
944
490
962
579
69
984
422
491
603
223
677
724
337
543
517
608
136
600
14
601
449
252
501
144
268
935
336
22
331
666
541
132
535
721
606
672
924
427
144
453
940
404
383
53
395
341
400
228
302
968
224
243
953
992
660
746
599
929
607
229
388
192
214
394
755
171
600
760
893
454
721
669
372
617
919
858
828
924
752
945
918
793
683
840
141
257
553
44
45
523
260
715
531
800
95
262
363
9
109
529
692
68
542
402
924
42
564
720
518
612
421
6
689
138
499
438
527
70
921
840
251
342
143
768
875
875
2
202
905
736
872
815
281
61
162
708
485
539
465
160
318
603
431
424
528
669
534
59
800
934
182
364
756
933
377
390
865
6
868
825
423
462
494
378
758
534
896
742
829
211
731
980
219
970
974
453
460
995
284
317
181
360
599
439
585
592
534
243
291
582
271
288
737
873
823
130
441
888
106
148
54
950
579
772
969
77
543
428
121
185
699
122
888
125
596
510
669
715
832
158
707
730
249
226
863
100
606
346
305
209
453
808
489
929
745
108
679
516
926
542
592
38
243
566
79
805
937
940
436
944
677
355
716
334
635
614
474
610
551
960
944
79
929
60
435
339
343
91
585
141
769
841
680
380
289
444
777
393
455
643
801
963
417
219
253
590
569
639
153
991
276
785
510
336
778
647
122
405
416
285
542
965
500
934
39
202
923
970
884
21
777
308
335
358
611
289
177
194
576
894
227
959
971
168
791
742
933
993
607
424
371
883
698
383
329
579
542
770
644
653
128
329
397
855
213
880
632
21
318
189
337
11
599
706
995
190
495
560
897
741
211
748
65
681
435
691
578
41
198
620
504
617
169
781
42
766
358
312
519
883
3
1000
146
591
9
836
4
163
653
738
363
553
657
935
772
990
553
72
535
713
177
148
576
270
538
892
813
796
499
982
81
758
573
952
414
541
963
225
498
156
660
693
331
228
315
842
732
14
531
147
110
34
469
608
753
228
935
231
971
369
949
153
340
756
244
656
771
956
961
783
240
672
724
595
137
992
995
483
936
981
992
929
446
673
113
548
118
274
635
763
778
710
492
681
850
974
253
883
825
989
394
631
248
377
507
424
995
787
535
179
748
592
274
35
826
877
338
331
471
936
409
715
561
452
476
46
551
568
671
814
100
127
530
382
515
329
954
23
942
305
953
385
672
187
565
245
407
899
596
539
919
572
653
157
881
770
437
13
154
3
860
533
235
870
209
15
756
17
995
578
74
637
133
248
465
66
697
614
152
482
11
730
132
783
910
846
693
282
633
303
231
86
357
408
756
220
216
151
169
668
761
151
377
47
540
747
215
796
117
839
824
764
120
636
182
330
245
996
410
387
447
105
556
509
9
293
536
663
117
888
64
502
662
998
912
83
904
448
796
564
800
901
716
716
91
816
507
201
849
962
540
22
223
339
924
433
537
354
824
710
858
371
388
778
281
445
792
912
919
691
274
429
794
464
159
385
729
360
834
784
30
769
227
381
404
626
508
673
396
901
49
169
252
278
714
604
150
343
115
626
551
15
165
898
144
122
878
303
5
976
859
738
515
108
812
230
861
345
653
416
214
612
932
40
498
732
48
293
838
95
749
188
888
603
528
289
447
858
149
237
941
111
602
796
276
822
77
219
578
194
197
41
221
110
641
574
195
759
514
904
618
455
369
715
37
746
372
463
278
538
976
875
652
367
520
745
430
863
800
829
455
479
31
554
419
837
561
28
150
609
17
950
27
839
99
79
456
161
108
788
392
749
832
43
394
410
405
275
979
386
878
600
265
188
619
168
582
701
864
430
657
390
400
414
61
111
88
144
885
2
304
513
671
707
533
887
575
783
354
258
115
163
888
403
832
827
963
36
23
351
180
587
815
561
317
618
572
260
720
570
656
413
815
868
484
128
619
353
163
17
556
486
133
534
999
510
751
994
890
147
446
151
661
720
682
934
743
246
802
487
471
30
706
732
242
917
333
723
478
267
462
648
806
51
59
552
37
332
263
978
44
789
350
507
60
791
588
610
784
75
262
878
682
14
311
580
453
136
696
25
177
671
861
650
539
663
136
608
41
584
347
69
343
882
210
926
666
80
363
240
131
892
824
405
332
302
356
75
871
246
361
584
578
152
397
696
383
174
34
491
43
927
739
421
792
927
812
65
374
177
762
767
162
59
410
932
181
517
489
526
406
961
892
697
531
923
20
16
72
666
117
564
224
513
720
750
227
30
34
763
387
397
963
656
717
570
424
85
747
10
379
647
231
851
712
183
71
961
362
815
508
98
204
509
294
183
440
125
880
960
595
394
750
280
209
731
545
127
225
773
595
390
780
14
187
434
334
770
767
558
839
553
354
253
834
117
704
182
2
362
918
37
72
664
299
632
360
29
344
959
647
864
261
717
964
505
159
36
624
560
187
800
619
614
725
31
635
285
981
326
685
903
299
906
981
763
384
549
757
93
32
255
528
127
626
862
946
127
468
447
154
770
165
706
369
773
530
866
274
727
970
780
967
553
701
385
868
660
120
387
710
968
112
796
617
88
716
76
590
952
148
564
304
425
804
69
125
465
668
191
98
454
882
731
870
878
594
274
534
533
535
723
723
163
808
999
698
483
542
466
424
686
589
555
615
295
129
488
882
30
490
697
209
225
670
756
605
70
937
179
719
843
108
511
429
105
705
691
234
282
770
329
526
407
549
544
726
484
176
860
960
568
294
608
482
180
309
205
579
451
709
732
504
376
699
344
296
566
193
124
850
795
316
521
474
459
406
598
291
167
180
119
51
499
18
647
854
692
250
150
227
28
599
331
709
638
437
418
748
967
224
444
25
850
320
331
219
925
455
777
403
954
209
113
277
708
588
646
295
80
775
390
776
879
622
89
586
536
850
919
829
804
945
888
83
217
453
76
568
372
970
86
191
244
849
656
939
970
326
558
825
5
323
995
908
631
982
562
84
525
109
969
575
71
908
295
795
322
624
566
319
112
110
771
939
22
722
725
501
65
667
45
678
412
36
921
92
373
985
486
487
521
62
441
387
223
618
361
646
41
589
94
901
84
923
134
882
107
530
148
583
726
739
105
913
559
885
957
711
818
942
732
251
319
708
87
281
720
286
765
766
243
216
131
507
747
730
822
205
985
239
276
864
632
453
141
346
754
649
731
842
806
251
860
108
147
4
84
390
431
275
666
675
870
105
771
139
302
378
974
156
212
646
864
729
578
463
916
335
378
29
742
853
775
124
603
964
71
252
453
626
450
460
655
743
435
203
768
493
720
401
143
79
218
583
265
377
20
872
757
347
482
30
439
150
349
680
118
678
709
869
341
948
614
448
476
801
164
964
731
15
416
706
851
468
999
467
435
415
454
8
516
24
691
261
663
214
617
709
412
976
839
8
194
341
383
543
387
593
193
475
587
99
768
623
742
703
397
233
480
171
483
964
793
381
654
926
556
315
439
267
699
470
110
136
599
964
959
862
639
774
669
618
743
932
52
924
281
722
142
962
53
676
158
307
938
789
535
344
631
278
136
266
872
476
133
719
951
241
467
109
870
32
776
786
439
633
765
788
24
90
84
734
510
640
589
927
709
496
294
154
104
761
804
731
581
800
873
848
240
464
63
500
87
638
354
994
68
40
380
177
745
719
615
924
902
821
506
662
516
613
93
191
692
646
389
265
521
175
740
862
117
65
718
126
86
215
525
991
188
378
794
50
3
776
352
149
875
285
365
423
46
588
22
144
553
991
693
127
887
54
241
929
731
944
737
406
666
847
823
983
778
369
630
357
281
445
32
85
541
700
894
610
581
347
255
785
987
806
715
975
255
291
60
245
698
386
832
343
376
116
480
993
622
807
581
755
846
514
622
804
704
986
611
894
954
593
956
503
628
422
304
941
886
337
306
134
246
332
662
888
985
731
32
584
163
419
263
166
269
188
712
114
487
857
724
957
271
590
509
446
448
871
534
909
103
890
878
120
846
546
479
326
781
69
922
276
245
472
126
836
786
317
319
661
725
745
482
552
975
802
380
472
369
270
580
513
727
851
735
332
990
163
435
59
646
323
898
696
538
689
270
143
934
84
564
273
534
900
54
808
566
923
740
760
850
793
626
302
667
224
677
620
920
977
753
920
84
136
180
69
262
637
307
237
594
880
106
655
504
73
118
821
414
386
143
445
78
373
598
655
550
427
231
34
192
498
836
603
783
639
730
838
837
103
100
762
543
119
371
412
533
351
619
894
213
147
658
585
144
881
319
455
999
320
126
238
830
152
525
49
14
161
715
419
711
850
878
468
947
233
222
990
408
779
693
840
401
45
301
943
389
299
78
324
384
445
563
716
172
190
878
712
490
33
820
379
638
247
7
301
656
244
603
68
525
458
318
267
440
410
299
610
574
952
238
449
177
569
327
3
460
586
459
128
752
472
652
584
583
366
641
133
609
433
242
697
969
569
265
956
894
327
160
370
949
166
799
188
656
747
404
635
88
835
157
408
229
718
93
549
51
193
412
110
284
827
487
295
174
132
755
127
136
300
988
272
816
938
304
202
386
281
286
11
569
411
537
25
794
484
401
913
693
501
588
600
776
456
462
283
531
602
249
764
818
631
1
775
395
795
184
205
210
827
397
976
97
194
807
749
848
500
944
575
138
125
645
593
553
364
47
137
356
292
241
99
346
225
702
208
875
536
499
785
627
672
954
738
851
237
575
552
652
446
615
251
629
376
986
50
246
490
603
382
944
682
120
772
696
366
362
87
459
785
97
496
135
1000
688
718
452
146
937
226
713
26
766
235
493
447
561
892
467
536
208
168
685
430
668
379
17
874
408
375
706
233
832
223
151
853
284
506
12
613
984
249
865
780
729
277
301
904
461
429
84
330
698
938
621
313
240
445
148
645
311
832
954
158
511
917
584
74
189
368
801
317
797
564
673
586
955
579
561
926
381
782
678
537
81
786
134
734
491
319
921
244
831
887
270
505
757
512
153
410
780
883
984
537
641
338
264
543
360
571
472
170
296
255
317
378
684
226
600
195
924
404
163
893
249
236
704
824
859
948
445
345
57
333
740
490
698
942
399
494
456
586
526
290
854
950
250
877
680
223
37
734
655
483
236
924
399
778
802
700
834
924
914
474
15
56
975
746
246
969
490
36
398
134
391
5
894
76
570
731
746
299
11
905
844
221
107
103
393
291
960
368
800
768
179
484
963
51
970
780
846
472
855
242
822
487
154
794
503
948
407
533
183
648
996
913
258
915
211
472
632
221
953
475
572
219
550
457
915
151
248
89
49
784
161
555
256
813
534
747
792
131
767
138
953
593
262
672
341
940
812
653
464
966
804
441
976
454
675
32
885
867
717
388
225
193
267
977
543
492
758
530
240
466
258
186
867
7
473
702
429
566
486
277
746
962
1
483
222
704
394
713
329
507
947
767
334
884
918
950
178
148
746
359
371
812
491
720
656
566
131
654
780
26
884
411
750
993
215
201
876
118
131
620
82
707
52
452
681
956
351
713
222
359
422
1000
316
711
770
917
649
248
868
879
841
500
938
909
782
735
345
30
270
413
418
161
552
646
48
225
78
166
161
398
349
737
19
885
608
140
524
389
124
62
312
685
653
168
809
727
733
546
734
21
483
27
626
97
473
65
347
755
17
610
762
169
981
627
170
729
962
593
774
550
491
838
959
802
864
29
856
209
64
568
555
763
478
239
775
741
246
24
592
873
44
371
508
982
373
586
862
345
794
200
228
517
554
615
281
600
899
529
658
435
854
871
768
915
307
565
692
360
197
676
178
858
932
857
540
610
984
302
34
157
781
871
279
890
462
655
593
129
271
200
909
756
669
488
116
427
823
652
785
998
480
932
659
885
630
84
77
809
673
134
142
568
837
65
937
633
352
94
796
62
237
465
385
981
859
394
457
92
273
607
589
503
774
352
699
917
935
46
395
559
451
576
132
326
123
640
627
865
849
956
896
626
414
640
659
26
929
267
415
981
909
817
389
113
284
860
571
615
95
395
912
644
182
647
924
967
10
26
662
874
733
171
265
714
85
480
865
488
446
754
375
385
274
520
90
396
897
67
118
599
127
667
336
193
596
443
724
859
331
514
221
885
285
995
501
276
735
244
807
935
357
366
571
540
614
411
73
318
759
227
450
736
469
343
892
475
417
959
25
164
541
617
224
503
63
871
305
530
747
902
944
129
621
912
778
639
314
832
358
407
963
582
582
630
633
953
52
444
947
270
695
453
162
380
788
529
193
558
603
933
861
379
458
812
283
527
91
418
671
637
4
23
648
810
461
86
436
849
232
250
683
982
477
950
209
826
748
946
886
406
880
902
110
298
460
372
761
757
221
599
740
861
462
585
826
141
774
533
171
219
105
932
438
860
195
44
127
685
696
412
641
845
932
538
77
639
975
379
667
14
289
637
766
657
355
351
669
329
845
239
885
737
791
610
228
439
460
886
822
567
638
118
610
768
274
35
269
301
96
12
31
8
352
755
680
6
524
710
792
761
373
891
456
338
364
895
893
537
528
767
144
920
716
529
50
515
530
403
725
481
524
232
799
915
170
182
274
897
520
724
198
363
897
899
841
318
129
954
871
247
152
899
635
75
850
931
603
326
53
525
630
145
3
705
14
118
721
696
498
421
278
455
445
333
357
269
812
426
155
806
745
611
118
740
45
3
199
447
299
783
52
118
8
978
605
158
161
77
24
552
903
527
855
167
106
780
956
70
367
382
900
776
525
400
707
544
68
728
756
959
233
588
496
624
538
932
183
271
178
521
230
795
258
12
575
366
932
501
16
993
454
62
455
880
5
293
56
344
459
727
388
817
121
349
465
434
426
168
537
630
85
613
533
384
341
453
543
24
497
61
460
912
481
631
695
425
659
680
527
264
501
158
270
881
580
350
470
565
189
791
679
890
776
918
976
280
561
663
353
426
290
577
147
307
161
583
764
405
823
287
539
977
845
816
796
434
881
843
383
642
285
970
259
871
850
564
854
861
686
558
782
882
180
127
876
850
364
786
20
763
891
997
870
63
510
654
7
531
804
957
475
210
244
310
84
852
168
499
127
131
58
561
173
123
563
572
831
898
469
335
327
165
801
234
685
869
370
708
33
807
817
592
961
91
272
668
569
105
547
798
18
761
889
252
832
995
254
935
694
176
34
837
242
57
791
405
179
861
253
233
795
176
268
548
154
36
678
425
419
736
454
32
648
994
778
385
933
496
234
224
728
241
772
553
754
306
353
517
386
222
279
935
442
36
784
743
120
980
983
900
359
722
368
195
699
643
989
357
621
144
946
225
254
302
961
637
707
928
397
242
414
967
475
28
680
776
965
944
790
447
518
198
503
749
104
83
49
843
927
709
857
862
145
753
59
213
325
931
311
287
785
966
852
313
271
22
551
940
590
817
585
83
434
613
367
162
519
651
439
543
699
41
681
388
535
736
1
834
695
126
975
217
106
10
430
104
201
419
759
36
447
71
36
459
386
866
905
463
511
924
389
957
40
577
355
678
946
514
403
703
706
838
752
279
854
228
229
691
210
735
69
46
976
397
921
374
680
560
291
414
136
820
702
693
318
653
185
205
83
264
72
884
27
645
213
798
155
688
846
140
562
721
376
221
444
623
521
984
696
418
38
171
407
806
525
496
986
308
35
202
635
433
217
681
25
882
326
395
745
441
767
223
588
240
353
720
875
401
468
437
41
159
131
289
466
873
717
595
68
81
428
976
357
367
515
276
324
572
729
579
79
60
297
616
99
473
630
668
149
966
555
172
88
171
596
633
821
603
504
75
200
37
763
46
979
389
543
709
426
731
689
629
989
555
819
473
918
500
378
317
641
477
642
420
488
306
605
405
799
679
104
538
803
953
272
396
858
364
117
867
991
507
827
217
527
739
6
116
446
398
542
292
985
268
791
364
488
973
1000
526
687
851
109
413
276
422
15
444
476
878
515
71
494
775
758
452
34
640
133
298
740
206
831
68
291
613
418
646
107
492
378
224
808
269
896
114
196
556
786
293
729
322
452
485
43
78
11
71
950
367
688
879
578
466
103
278
885
109
218
924
347
360
258
175
625
821
15
509
426
275
766
962
115
774
914
953
321
582
167
477
317
538
834
197
604
486
471
105
321
561
911
771
748
404
88
889
151
90
452
455
131
764
692
564
24
896
305
47
304
189
749
566
376
667
405
207
993
225
608
615
399
85
406
1
482
130
130
835
19
489
345
723
956
995
301
422
4
969
28
939
268
35
814
860
995
975
666
385
826
571
275
262
523
602
264
578
435
659
159
753
318
642
28
438
915
653
219
795
714
953
222
221
869
454
481
267
612
24
385
154
517
140
115
472
281
935
854
788
422
937
218
733
988
786
850
954
960
686
368
806
726
176
930
299
424
609
408
784
102
898
214
461
250
423
761
357
596
94
323
29
993
621
863
638
120
260
278
647
285
255
810
675
132
664
976
496
900
702
738
369
533
260
18
469
390
764
814
264
289
216
561
16
125
339
580
205
262
761
301
62
277
222
661
624
308
114
728
384
490
917
744
415
305
867
18
127
621
569
806
225
468
59
860
419
893
241
506
948
57
983
216
51
852
881
477
741
805
304
654
603
875
524
915
465
36
445
930
446
629
387
435
523
248
212
474
221
119
627
226
731
124
186
544
60
650
213
72
260
239
683
122
623
67
213
127
503
858
629
142
707
633
592
557
607
273
871
289
68
806
798
299
980
127
522
843
248
924
364
312
57
166
693
99
108
622
38
762
562
608
432
91
462
474
45
191
822
859
67
432
837
269
487
250
847
259
54
219
853
231
469
835
756
910
259
712
141
851
400
705
720
619
31
780
756
113
962
921
518
23
609
229
24
405
114
693
866
707
168
605
55
449
19
693
694
693
145
233
804
338
553
992
585
58
912
279
809
754
821
35
910
531
52
496
807
220
853
903
748
443
257
857
680
661
656
840
555
520
905
541
748
998
117
885
917
310
196
420
815
44
939
692
527
589
20
613
10
142
964
524
564
25
717
257
535
932
337
62
398
797
543
851
125
880
943
591
999
348
903
283
842
951
442
882
754
586
683
362
168
258
530
47
785
590
459
525
235
747
322
96
240
18
94
946
707
835
854
262
527
777
846
272
220
672
333
309
881
290
803
636
382
543
59
846
425
400
39
643
99
923
189
163
240
756
359
311
141
916
817
479
315
315
543
762
519
224
866
838
968
414
538
574
844
861
751
787
652
963
573
671
897
125
961
37
917
353
340
776
62
94
498
418
960
139
644
896
604
324
836
675
594
152
128
377
903
473
870
189
539
143
177
355
6
979
453
265
524
822
313
889
287
205
52
178
587
673
894
85
790
959
261
645
431
582
753
984
93
910
712
260
183
777
864
496
375
67
32
84
33
309
632
419
345
157
423
685
620
278
905
408
158
530
518
909
807
126
266
473
795
55
166
35
634
864
896
397
137
279
867
27
627
491
534
928
226
535
774
794
906
192
897
583
328
300
131
490
15
944
50
406
28
999
224
676
953
179
315
849
262
285
246
1
187
574
365
367
759
46
77
31
6
649
719
197
198
106
815
784
812
493
112
544
738
341
88
875
809
823
916
57
841
836
725
944
109
737
437
824
174
564
445
810
484
797
245
574
155
878
479
887
106
321
371
436
894
127
700
179
100
438
523
746
719
243
888
478
306
670
958
795
682
745
649
878
516
743
540
152
977
10
890
837
645
666
35
97
473
245
359
757
431
517
408
265
653
815
974
412
908
542
696
821
441
493
860
356
211
212
524
164
559
731
528
354
93
428
321
740
821
213
327
623
608
859
697
129
733
395
118
770
839
846
277
179
46
153
694
831
380
16
403
427
740
960
483
37
467
920
431
405
220
145
409
265
55
866
363
48
563
422
726
344
405
62
970
696
902
726
720
596
584
226
710
361
588
198
795
906
101
868
60
202
151
244
578
339
755
879
628
899
6
146
154
606
336
682
149
875
824
45
954
57
724
868
315
666
375
209
672
610
956
418
93
671
962
2
482
899
794
520
970
401
80
423
577
239
118
155
594
461
173
883
848
17
423
387
732
854
574
359
133
119
805
542
362
762
298
687
173
959
570
605
675
355
102
472
954
600
390
877
30
664
435
250
303
956
621
310
509
114
144
760
517
705
416
908
479
884
99
836
437
12
688
264
641
33
457
529
565
27
665
656
923
744
918
631
567
806
889
907
554
898
964
371
219
387
728
694
582
976
967
686
364
198
515
429
186
328
545
126
692
761
31
679
771
801
686
69
910
607
499
6
24
671
999
188
960
771
153
178
904
837
420
754
760
395
585
695
152
528
98
754
984
702
79
746
328
423
381
264
387
137
728
108
998
699
282
80
86
464
758
250
33
955
700
57
502
364
383
304
102
642
717
940
775
112
11
423
942
174
435
940
119
98
868
365
945
839
914
918
346
640
774
321
102
574
706
363
903
285
101
325
155
384
623
859
223
608
866
568
620
7
884
591
472
777
834
170
172
667
471
765
441
715
380
33
228
451
711
436
680
612
451
98
257
824
724
285
252
927
960
659
802
326
343
217
164
8
105
778
725
612
576
179
233
540
285
457
872
87
473
880
168
987
903
186
203
555
295
725
793
508
181
104
378
5
484
987
776
562
372
40
251
852
921
711
252
53
917
186
439
861
971
13
95
773
429
97
996
202
455
476
193
410
883
224
417
347
530
970
269
436
838
37
197
44
892
346
137
528
860
133
673
437
450
686
290
780
808
302
232
644
437
404
953
82
64
42
716
681
512
234
712
240
159
279
13
222
196
864
689
817
512
179
42
969
689
421
34
508
8
883
205
969
428
599
107
328
255
122
651
210
144
472
647
550
661
209
629
946
281
376
954
277
289
346
646
719
364
530
195
412
529
97
525
633
279
565
41
192
791
707
431
34
584
87
178
531
275
200
661
245
519
679
366
64
815
567
812
764
361
894
428
6
255
334
751
4
887
291
782
590
833
118
195
387
159
636
707
486
161
472
376
110
20
104
884
445
5
183
409
90
658
926
115
210
777
861
916
518
599
964
15
122
578
342
399
659
882
951
235
962
589
428
755
623
509
641
350
79
556
749
269
575
622
291
746
59
343
986
818
361
85
194
190
51
819
715
253
652
823
262
40
661
498
683
727
791
723
49
120
619
190
274
414
818
21
148
52
103
305
188
227
668
633
717
853
211
821
288
199
501
781
982
812
741
297
950
811
886
736
509
973
211
337
206
547
817
917
136
137
895
362
428
965
955
462
360
657
369
74
92
842
782
300
117
168
105
20
730
492
663
275
438
342
273
382
869
525
912
851
598
300
801
355
752
707
674
268
970
219
48
745
569
506
799
646
181
648
958
415
179
515
523
700
524
568
13
153
84
720
813
510
684
753
300
412
528
154
514
108
157
194
392
591
979
1000
477
902
905
714
556
273
408
370
197
929
944
787
496
634
646
352
869
854
773
157
447
205
754
378
669
921
882
885
874
415
207
969
129
769
386
35
332
533
656
131
700
367
790
820
373
858
729
603
325
674
369
744
275
5
21
969
720
990
678
659
548
124
803
514
152
806
391
572
805
472
353
51
361
887
723
699
92
52
669
449
588
987
896
216
761
154
63
316
961
663
710
235
86
953
122
426
525
55
658
359
671
244
890
142
348
319
79
62
911
24
957
743
804
349
144
49
900
139
454
937
595
159
738
333
974
704
385
611
631
975
289
65
92
960
571
931
541
931
641
153
996
806
731
2
240
947
130
921
962
2
903
2
699
53
624
682
691
819
127
250
61
677
301
274
200
489
516
852
822
87
232
426
346
799
30
603
587
958
601
474
48
141
520
819
351
334
787
898
523
61
962
671
903
712
483
113
272
835
353
843
685
845
546
448
766
262
635
594
55
873
813
294
401
198
276
893
97
356
511
66
996
855
6
101
745
9
949
996
738
12
215
843
174
890
312
70
40
759
397
67
77
721
90
198
349
81
334
700
104
301
224
225
487
692
348
609
695
150
462
752
254
580
17
753
937
814
740
572
606
657
751
259
879
332
699
55
315
835
675
36
678
366
334
709
935
992
290
347
753
849
455
404
955
704
88
585
709
654
802
392
559
945
777
775
474
732
277
289
105
880
853
512
655
296
139
142
205
222
624
955
459
955
579
793
737
958
805
134
768
247
859
118
171
210
836
739
514
239
848
512
726
997
826
690
484
720
399
932
721
573
678
510
117
764
693
907
981
750
61
277
852
463
805
144
285
75
314
218
170
362
453
655
772
69
554
512
44
30
8
173
347
951
813
160
411
543
36
599
220
644
462
282
774
294
17
23
365
480
814
60
80
20
334
605
128
472
322
489
793
24
40
360
600
645
466
891
835
317
965
274
530
920
36
606
978
459
318
107
835
424
208
959
657
896
590
531
219
535
625
784
153
729
151
1
611
738
179
867
22
391
193
77
555
695
445
328
587
86
61
344
606
775
665
56
657
478
605
610
886
528
934
739
649
279
676
260
531
286
709
979
290
28
67
365
230
499
17
642
170
871
260
666
304
791
279
550
4
676
290
702
18
834
939
27
440
560
877
64
911
569
971
703
170
510
265
98
268
419
388
334
608
126
644
941
540
436
525
698
7
427
925
247
530
753
421
616
627
757
399
819
71
342
295
430
618
618
109
758
753
959
966
911
438
946
688
287
747
880
36
327
636
249
897
795
538
163
441
963
474
28
802
233
515
950
612
335
255
310
346
725
756
856
573
662
41
527
45
40
115
252
69
610
878
544
453
704
946
529
691
9
479
839
512
467
769
240
843
565
815
827
671
531
344
47
970
157
941
642
959
989
462
487
312
491
561
873
129
755
216
669
718
378
221
619
592
702
149
102
399
881
640
35
333
604
757
420
617
131
792
602
312
190
748
710
724
704
362
593
720
541
298
969
435
624
566
85
483
911
39
6
958
534
171
619
772
861
292
237
724
394
909
841
698
355
691
530
804
943
161
488
24
162
898
217
84
439
67
686
511
57
572
849
451
753
90
160
174
639
482
540
684
992
476
131
761
51
479
67
744
585
311
416
353
22
270
599
840
516
648
656
705
282
451
622
795
629
452
211
609
991
116
112
762
882
347
109
676
115
189
295
440
591
993
954
29
806
104
49
936
180
489
483
951
36
231
18
402
240
872
518
377
655
441
782
786
818
36
250
599
563
306
797
145
8
982
445
592
2
180
636
714
709
318
858
947
41
713
473
197
349
570
185
126
401
630
251
837
233
571
528
898
748
39
537
975
133
621
620
890
255
296
328
103
369
523
875
629
565
613
503
125
165
196
458
530
752
518
467
140
59
153
613
556
495
725
366
22
953
10
209
841
916
921
818
720
748
564
297
236
340
951
837
194
338
362
331
518
693
614
408
756
790
670
77
827
621
92
73
70
56
147
825
976
818
580
7
110
199
892
410
538
508
767
48
550
173
517
871
680
935
487
656
575
887
463
545
981
656
102
534
568
834
91
437
372
9
708
303
411
270
414
384
952
760
403
202
609
428
603
450
431
124
917
865
294
941
238
225
453
592
971
651
160
799
617
695
715
249
12
445
726
469
87
517
706
339
811
910
510
438
160
669
399
635
719
931
244
780
244
576
946
323
588
672
828
668
486
841
722
726
386
384
830
119
331
402
525
628
874
920
7
502
904
544
482
48
943
55
891
864
922
85
496
899
752
182
913
517
243
690
214
767
395
582
824
392
164
645
503
244
699
799
951
570
361
840
233
823
641
12
98
120
8
808
635
267
909
280
264
396
246
427
712
103
199
315
328
829
842
296
338
50
308
874
319
566
811
413
765
37
622
86
709
598
56
947
26
716
204
376
851
470
11
593
153
722
554
432
432
521
161
902
600
24
579
1000
752
997
501
279
345
373
145
13
966
897
855
736
336
108
407
138
555
678
262
589
948
803
569
524
828
180
485
376
840
533
220
287
924
991
909
458
505
824
831
820
298
932
163
848
494
299
225
514
867
375
760
511
621
486
615
105
472
11
66
898
734
319
526
272
41
614
410
249
628
158
792
345
57
321
537
481
537
715
584
617
712
582
406
15
257
81
658
223
650
378
544
779
572
975
56
744
891
622
787
758
159
276
815
965
240
634
438
105
588
991
234
925
738
232
601
20
766
28
573
832
595
264
146
328
510
818
222
770
581
497
823
12
105
65
447
473
544
291
632
179
625
151
797
365
203
707
735
211
824
222
797
8
86
562
851
982
331
109
347
202
875
160
521
304
222
42
794
112
451
676
523
706
475
721
364
593
18
795
895
832
748
274
720
143
371
353
359
609
880
467
163
445
696
987
272
716
860
678
247
44
751
360
668
763
240
38
636
215
968
174
536
1000
459
218
564
61
888
456
810
711
400
263
850
848
719
341
62
938
966
111
317
112
904
515
699
247
407
874
676
591
878
778
106
297
754
921
756
173
735
510
791
640
17
936
899
560
827
779
402
240
554
369
527
850
266
600
839
122
89
161
997
752
506
924
552
126
933
892
461
889
979
16
436
202
361
14
216
839
261
989
583
797
544
334
870
230
952
853
253
760
755
906
121
960
983
70
953
441
614
789
696
401
580
462
915
158
820
146
570
432
536
948
440
125
51
353
588
575
648
728
174
671
191
579
654
337
274
110
514
733
135
572
450
78
664
467
123
360
766
489
447
390
162
228
530
394
947
781
521
249
356
605
768
117
165
704
966
752
72
125
31
210
523
311
833
611
864
770
590
463
214
445
652
867
821
668
799
708
105
770
308
542
6
943
51
438
135
651
169
741
642
152
358
254
968
819
546
413
979
142
293
237
645
143
56
895
409
131
900
651
347
647
255
945
126
706
883
47
212
25
35
513
455
380
496
219
500
343
958
981
273
652
214
752
428
297
780
407
487
542
684
580
938
802
445
948
509
422
336
719
847
908
6
338
587
484
226
547
254
820
812
490
479
589
405
621
821
469
758
969
451
417
658
329
720
178
84
64
260
574
365
437
140
802
430
238
776
381
517
580
859
111
342
711
72
899
840
708
408
683
163
451
546
432
388
283
394
278
550
244
112
197
668
983
660
994
695
917
646
387
26
770
189
362
279
732
595
393
34
40
318
890
228
545
573
711
760
307
899
627
746
752
651
284
593
860
649
940
990
489
156
611
309
111
550
209
831
589
917
674
597
852
315
879
833
285
305
581
572
494
538
244
221
866
877
385
37
229
930
91
649
366
459
241
87
639
911
970
715
679
73
882
751
830
686
689
470
318
44
253
184
55
64
687
670
30
312
440
567
580
536
110
207
348
371
639
463
102
269
933
996
535
935
617
168
676
30
29
797
362
655
621
677
882
797
536
212
161
822
202
431
313
909
477
236
971
40
666
941
773
297
347
423
331
892
338
412
45
635
281
602
408
391
357
92
415
984
746
629
570
689
732
636
3
799
193
55
490
783
266
614
910
880
431
246
204
133
511
892
311
88
700
614
993
892
55
937
843
345
604
598
941
855
379
786
232
715
587
648
261
273
483
677
75
810
872
633
662
82
26
295
770
901
609
832
127
170
948
185
775
598
374
992
294
458
543
488
895
556
852
447
326
895
374
607
64
314
477
252
996
544
775
238
835
124
165
399
591
547
912
747
432
775
403
748
127
552
871
423
211
571
288
808
782
314
293
462
670
749
463
374
748
685
416
728
979
888
152
379
688
212
33
245
283
247
53
867
365
470
942
447
154
961
123
967
888
714
914
30
143
615
239
624
290
740
790
747
519
192
530
371
390
641
448
885
127
970
366
304
848
594
964
411
624
273
822
678
26
553
755
189
92
398
47
585
545
830
9
500
310
138
597
856
663
68
662
895
114
477
31
873
767
741
244
777
664
28
966
84
974
79
243
342
842
156
321
54
232
420
604
978
726
967
4
945
463
379
668
883
320
887
157
411
922
85
794
419
174
273
15
876
464
870
869
407
652
302
250
29
676
958
125
774
30
849
255
785
992
886
229
720
652
556
793
577
331
517
618
454
880
761
20
409
626
697
619
258
365
836
84
555
84
892
115
901
338
47
514
490
286
440
518
230
328
528
666
727
734
491
740
610
604
919
76
388
348
668
500
538
511
401
929
569
207
838
788
669
826
91
672
57
189
730
112
801
330
486
552
315
962
100
375
843
447
464
697
140
777
586
141
947
829
650
216
494
447
453
279
605
664
248
263
847
312
514
98
685
461
678
640
44
379
132
172
689
317
784
495
700
247
948
568
50
732
559
269
325
581
1
492
83
54
224
943
461
853
60
965
475
469
930
306
245
306
577
366
578
693
270
122
910
701
752
854
179
370
427
616
691
84
155
296
587
51
25
683
745
276
723
403
348
766
815
739
978
945
491
471
938
504
318
921
327
93
988
616
640
556
291
726
614
14
635
160
214
99
387
126
665
342
368
934
575
72
145
162
118
312
999
654
736
998
556
866
809
544
782
206
517
688
535
661
741
987
838
215
407
520
837
530
950
351
722
988
414
94
614
274
410
338
928
768
229
897
321
763
73
294
704
693
278
491
742
705
596
626
412
306
614
256
564
842
749
479
601
341
400
465
13
448
982
638
994
919
94
76
901
724
2
240
297
312
932
690
655
237
859
201
869
558
341
110
18
607
880
339
705
933
170
797
581
668
146
918
924
994
723
641
906
830
487
283
647
258
15
52
849
541
698
142
266
636
495
161
843
320
912
359
262
577
113
107
51
631
959
986
853
130
44
470
280
752
248
961
817
261
819
321
317
396
320
479
823
315
601
964
33
788
217
440
579
255
162
126
647
955
182
576
183
58
960
691
357
267
696
513
15
267
491
926
196
733
599
16
40
217
845
821
283
737
386
760
320
641
465
97
99
325
373
834
187
357
763
207
389
187
998
549
51
104
955
737
313
710
744
716
916
170
171
874
630
869
963
825
825
813
978
877
43
889
992
692
956
787
176
440
752
145
713
594
221
455
411
480
597
648
795
480
641
444
624
665
510
105
545
500
457
720
587
424
899
248
354
858
893
321
992
899
779
685
74
392
500
851
248
459
67
618
128
805
852
675
137
639
241
263
276
864
605
287
766
300
651
429
207
279
2
279
707
377
994
720
200
405
385
603
973
518
739
766
880
461
154
171
312
791
764
553
55
261
708
826
417
439
209
328
821
882
987
217
337
990
347
456
590
241
455
832
977
934
826
971
821
905
627
708
839
152
384
315
38
182
453
455
649
935
854
197
344
242
122
267
953
93
552
58
986
895
5
997
955
283
837
358
314
273
931
919
776
983
466
144
633
158
130
556
79
746
38
149
915
208
820
81
371
553
80
539
275
915
628
103
187
866
246
963
116
16
465
494
517
808
101
840
729
688
75
741
652
908
244
295
492
647
331
229
174
411
746
385
298
150
651
702
467
366
423
932
162
944
79
455
952
499
390
454
96
49
247
793
487
473
511
938
735
515
919
83
950
774
519
216
270
667
146
146
512
164
352
76
251
16
593
852
572
255
492
213
968
55
874
949
927
479
523
266
115
378
550
436
220
500
992
599
748
288
507
896
572
915
323
429
268
161
303
106
552
268
251
105
589
156
887
170
449
623
780
535
894
690
318
686
459
401
931
179
308
820
404
201
910
516
515
927
709
375
685
782
650
562
336
727
545
919
754
790
112
340
366
61
259
485
509
901
762
832
126
175
983
416
279
737
466
486
167
362
411
841
452
263
930
738
289
758
576
249
638
742
532
499
860
160
146
396
777
259
915
985
347
823
933
566
382
883
689
865
908
119
404
305
349
366
686
424
270
390
290
578
716
357
873
531
448
832
79
282
251
769
769
586
818
413
717
317
175
482
649
497
192
203
673
33
734
725
545
335
962
408
907
336
758
248
13
18
314
355
57
719
208
103
646
169
301
778
287
788
422
201
343
101
393
754
321
949
955
906
510
8
751
829
863
169
322
191
751
214
770
533
231
856
62
586
393
444
911
735
332
432
494
95
196
348
332
860
773
153
776
514
24
720
952
513
532
203
100
727
334
372
536
142
304
223
562
111
596
564
67
37
837
753
878
978
106
753
164
486
421
202
214
264
686
73
845
732
813
127
112
714
771
164
762
461
666
236
216
733
272
514
746
51
325
474
14
911
227
142
656
786
272
444
369
67
400
667
823
339
642
331
805
868
755
786
392
487
788
758
761
710
323
813
770
313
996
151
132
305
94
868
27
909
625
183
814
507
578
104
349
631
474
225
539
636
439
931
656
756
915
920
619
809
45
308
974
851
912
844
735
693
994
565
199
541
437
388
860
952
415
419
202
500
603
755
823
545
465
249
814
741
871
966
350
199
713
958
407
933
873
615
4
987
603
352
573
290
429
50
383
926
948
183
848
904
985
97
711
349
82
249
32
198
447
462
183
147
727
638
411
9
27
18
292
284
460
782
239
449
694
473
785
274
635
685
421
452
355
191
47
150
891
146
314
281
209
202
930
152
54
961
722
683
485
265
620
575
759
650
28
612
44
930
12
97
553
892
467
31
956
880
867
647
461
288
601
281
974
48
109
528
23
43
240
953
906
470
782
501
265
315
355
645
978
14
101
295
125
122
397
295
32
899
469
619
195
331
211
32
31
842
638
879
37
235
969
494
907
721
717
915
970
897
184
821
78
227
642
784
315
678
800
496
72
842
708
463
86
923
752
42
342
61
121
617
987
618
642
378
691
439
888
582
148
255
641
962
868
60
627
238
399
697
234
399
60
198
22
968
190
415
400
934
574
413
939
880
806
760
59
307
163
826
802
955
545
83
570
290
814
122
915
566
163
783
928
318
555
189
264
954
39
188
533
687
242
898
215
198
234
74
927
335
349
724
645
793
502
245
603
984
491
871
89
536
689
429
516
706
499
915
797
597
550
40
502
865
980
806
593
779
86
899
4
236
920
765
673
915
11
575
540
53
381
805
373
396
525
902
163
430
402
804
73
563
702
667
602
733
695
552
18
128
28
873
862
573
166
211
105
621
804
505
56
740
494
79
838
871
94
43
391
31
747
538
93
102
671
889
121
345
839
855
779
114
40
268
245
386
475
851
644
470
43
190
385
934
269
294
638
837
921
679
789
666
162
585
326
500
195
937
326
870
676
481
556
140
646
697
566
865
53
850
820
59
909
168
337
272
734
689
222
925
920
348
375
795
945
267
566
207
388
138
443
873
883
613
646
558
406
992
989
530
761
40
19
123
412
540
844
191
560
413
192
957
103
121
825
76
894
754
363
835
37
990
525
477
282
181
136
558
438
609
8
567
163
876
12
384
638
350
927
690
728
618
293
830
366
176
899
630
410
381
908
789
984
736
345
657
728
804
732
1
754
843
800
78
636
535
434
554
370
710
398
5
726
345
846
947
11
735
76
903
171
98
799
70
809
637
797
946
589
163
342
310
654
446
531
85
278
648
233
609
180
689
245
593
583
485
853
642
180
973
513
240
192
819
680
235
848
955
941
998
445
996
786
287
778
156
686
143
716
586
717
447
248
478
10
228
492
789
290
783
663
695
297
575
810
973
542
290
993
151
175
582
11
189
881
786
371
763
780
778
450
603
709
703
657
846
793
986
877
70
243
859
727
913
449
407
549
244
487
937
29
819
144
74
590
897
31
262
267
992
570
207
597
653
531
368
715
314
481
866
216
845
361
99
5
315
321
561
12
773
939
353
440
605
845
617
585
77
51
355
814
802
281
938
886
923
711
199
610
114
851
577
766
228
431
809
344
844
189
7
608
790
163
873
990
622
544
317
168
490
846
343
12
787
890
63
28
931
315
219
132
365
509
165
686
223
431
717
434
1
561
502
223
330
503
397
809
243
642
556
540
300
251
422
152
747
471
443
504
958
480
855
847
975
232
299
194
483
737
146
658
577
616
401
515
283
271
111
647
362
270
110
36
515
301
445
347
682
904
369
896
299
3
526
742
352
248
48
75
40
343
127
481
603
691
905
88
315
243
29
271
945
805
204
665
538
148
393
936
993
591
846
819
4
965
317
228
54
72
820
585
622
34
197
622
374
526
648
284
906
550
681
119
114
802
583
16
170
885
255
211
904
713
153
305
978
167
571
296
778
213
387
693
558
19
970
632
402
382
789
685
960
720
108
572
434
884
674
618
827
916
395
834
860
170
22
687
7
19
101
617
209
966
695
559
276
934
209
386
35
794
409
864
608
279
921
199
785
784
151
94
832
648
31
847
594
233
534
704
782
880
516
455
835
301
697
950
404
371
372
542
20
637
815
744
557
84
329
65
498
789
497
755
791
802
152
18
73
397
263
16
799
168
4
382
815
618
154
854
515
692
715
888
496
437
424
777
264
766
560
727
737
54
418
917
186
801
918
888
609
589
253
489
355
73
883
289
371
740
622
660
396
386
452
674
418
600
288
558
753
63
955
97
177
971
666
715
783
483
622
686
518
593
955
596
718
994
401
442
259
505
299
666
517
790
470
717
294
119
759
904
237
438
164
686
861
583
593
255
990
720
212
567
674
440
47
334
604
492
667
921
950
737
343
683
973
792
158
276
311
217
881
941
443
891
758
663
983
969
824
815
167
475
716
954
13
515
65
266
469
931
741
217
745
232
829
167
821
157
110
294
201
165
35
67
926
870
58
707
374
401
246
600
574
596
607
425
712
78
75
916
382
472
587
615
48
71
941
17
910
647
930
946
267
970
56
57
783
483
464
948
509
619
954
31
867
1000
12
641
876
466
175
242
283
69
92
622
872
848
958
839
517
183
622
839
663
229
944
231
219
750
511
313
914
925
6
73
712
377
326
701
388
796
224
707
111
178
901
846
214
960
496
13
31
941
411
237
705
781
887
470
850
339
837
324
457
241
292
727
427
808
88
644
603
548
765
479
545
620
513
478
902
718
925
308
895
995
713
962
716
878
553
261
521
667
308
33
834
212
25
649
668
169
649
608
949
309
548
982
550
930
945
835
109
780
860
550
610
146
94
588
375
504
282
99
739
993
13
510
203
738
197
226
560
58
53
705
391
515
525
476
235
847
580
681
967
121
750
792
887
515
854
349
638
850
756
889
319
573
10
376
80
808
980
185
975
462
340
670
428
499
504
31
815
376
249
834
494
315
980
212
280
155
372
290
42
658
828
297
542
850
65
429
189
864
390
709
974
547
272
726
6
121
931
942
492
97
97
8
433
137
308
456
164
594
677
352
407
944
430
621
544
446
325
107
319
820
551
726
339
517
911
236
472
36
719
75
870
254
75
948
635
287
912
548
194
323
108
818
150
511
277
530
34
617
450
200
123
578
735
318
906
639
586
208
360
889
359
561
689
735
430
881
956
864
655
177
680
713
372
809
917
85
435
572
44
139
506
125
783
896
46
631
544
637
4
453
843
573
210
195
689
698
469
826
187
654
934
214
972
433
701
746
741
485
818
872
834
771
711
904
19
32
358
236
796
86
992
378
995
251
580
67
207
948
656
344
185
406
322
40
135
509
981
174
173
184
474
585
54
377
808
107
394
397
434
323
688
550
432
990
687
723
993
257
778
68
872
982
292
596
282
188
878
471
858
518
249
825
801
598
490
992
272
216
728
943
463
575
784
64
757
468
964
529
298
120
131
251
83
258
710
778
964
680
454
444
247
201
314
775
522
106
719
147
143
949
767
140
24
687
201
864
237
803
383
518
973
412
120
415
281
695
487
276
951
406
982
131
510
871
727
379
250
468
647
703
310
294
930
423
663
456
813
783
155
930
294
574
752
12
815
751
984
942
361
281
1
138
651
606
723
831
641
856
817
781
79
69
937
764
835
601
111
51
64
741
932
952
324
59
57
17
79
214
438
39
678
857
42
861
793
865
220
565
763
919
915
85
466
545
853
527
26
582
87
506
324
765
669
849
48
877
237
899
504
936
552
626
129
943
939
612
577
673
886
381
343
164
460
89
607
438
782
420
952
533
58
559
361
244
496
952
223
476
311
91
790
577
336
67
892
688
300
383
196
407
455
141
461
976
87
360
106
305
535
331
417
609
697
801
61
399
558
277
933
740
293
653
247
88
623
275
289
322
86
153
392
759
438
587
838
311
749
546
217
971
931
885
428
360
257
493
847
732
20
81
453
139
506
425
688
916
276
776
933
11
186
168
915
416
837
86
196
844
1
515
392
265
321
743
261
4
223
235
342
850
33
842
561
807
917
416
616
287
444
964
251
149
137
150
201
299
454
253
815
857
433
418
158
403
333
295
821
568
539
400
765
83
958
906
732
892
465
336
749
975
331
206
304
810
191
951
189
583
517
605
99
11
858
318
25
423
195
810
796
8
438
967
180
844
314
793
919
886
492
197
337
710
331
801
932
852
331
756
858
215
121
205
306
533
134
931
426
70
385
254
891
384
28
208
519
374
644
597
598
745
40
941
181
46
997
838
339
132
864
304
570
52
313
611
364
76
974
287
792
707
795
481
480
41
653
953
812
903
102
217
574
97
578
603
493
297
58
963
963
113
17
892
441
221
474
506
383
352
275
250
814
72
719
246
440
563
771
363
150
626
631
69
172
333
843
519
811
630
247
430
431
61
115
549
770
981
126
95
346
607
537
842
903
346
997
541
691
789
763
266
71
911
349
68
522
871
73
321
372
24
235
67
128
274
102
472
653
168
709
269
45
862
690
788
817
502
534
168
872
408
261
927
690
528
536
825
66
329
928
97
432
846
217
714
568
308
545
336
407
640
480
688
677
99
16
535
588
777
612
942
813
242
249
968
640
240
193
94
639
371
267
229
77
567
814
352
899
681
72
554
947
214
526
600
29
905
666
543
804
810
653
204
915
699
890
124
420
797
688
634
845
847
860
652
923
845
773
714
752
356
99
383
930
885
93
281
607
792
973
942
172
431
267
508
941
899
286
804
457
805
174
338
666
799
877
450
633
459
173
75
965
668
893
913
966
755
23
75
411
310
708
806
333
132
651
976
436
903
992
219
857
47
30
859
705
620
319
570
631
428
370
600
452
402
142
269
390
478
512
915
716
271
979
348
709
116
66
439
394
351
333
999
299
814
241
705
892
177
94
676
757
255
957
867
566
45
382
893
707
635
95
171
169
753
501
896
521
402
445
185
49
898
147
357
833
209
235
419
158
326
961
549
83
737
276
967
717
765
428
803
890
427
765
527
99
431
886
9
153
519
753
106
