347
638
580
686
531
251
99
280
540
631
155
287
374
1000
529
976
441
503
922
227
369
825
593
291
484
778
140
106
250
105
490
633
950
852
689
125
295
69
350
401
697
234
940
550
873
441
840
113
360
536
72
936
9
637
67
84
634
181
579
293
333
916
429
319
396
293
157
606
148
972
540
932
712
194
439
538
42
458
539
722
70
770
755
321
793
870
128
259
128
725
241
123
555
723
660
79
286
490
631
37
321
642
946
285
167
254
903
589
632
697
994
308
173
503
855
566
482
145
905
715
373
695
743
743
66
392
240
589
704
1000
268
386
637
914
263
77
388
593
136
356
385
863
418
762
267
270
372
230
162
891
228
225
942
741
45
587
855
644
461
654
674
845
74
73
228
304
225
764
103
263
956
742
663
743
454
769
592
528
933
141
364
750
245
979
713
331
416
866
281
399
841
91
315
810
60
591
799
923
561
177
744
820
990
631
496
333
296
121
913
982
933
329
348
842
977
862
25
751
111
403
414
518
120
892
546
358
158
78
96
268
893
694
252
344
778
265
324
820
493
269
79
267
120
653
136
851
453
818
603
377
914
333
70
808
554
13
940
802
679
172
530
92
380
982
506
410
251
44
12
420
655
515
21
729
409
370
431
36
631
859
753
165
892
102
866
177
877
282
299
572
749
235
315
4
643
962
769
941
181
409
25
536
371
944
345
616
304
719
133
192
96
183
553
69
490
941
375
217
648
600
356
105
578
153
138
954
467
648
221
263
459
511
964
87
470
257
851
889
62
346
283
163
899
520
323
972
255
353
48
540
963
57
559
119
426
741
423
367
138
429
818
530
331
833
351
836
374
643
262
781
587
969
168
606
145
292
458
695
686
613
344
105
609
397
943
53
105
739
287
61
941
456
365
784
212
193
516
570
263
886
303
636
616
862
19
821
689
148
714
771
835
889
109
129
144
335
319
696
454
932
184
452
401
662
506
190
768
923
605
228
720
930
689
627
732
758
17
220
19
886
410
76
410
265
142
335
410
62
819
635
730
851
285
702
132
808
38
973
147
664
589
693
717
796
37
724
951
49
333
357
95
816
572
898
784
61
451
666
193
199
285
177
260
984
685
527
571
887
423
506
49
638
797
976
945
111
415
635
825
538
840
56
211
542
97
412
246
583
951
556
872
877
31
958
818
903
122
804
472
725
883
703
834
880
284
135
849
992
675
203
426
316
316
348
932
868
346
146
131
550
986
530
684
305
512
21
495
982
838
490
324
740
660
365
862
559
269
747
656
859
18
152
156
978
336
611
669
756
376
427
2
459
235
622
311
649
139
956
777
287
164
853
790
439
993
318
337
41
391
782
703
513
730
540
60
1000
110
261
107
960
943
836
409
330
579
405
142
199
806
408
610
709
945
191
9
242
377
64
30
380
806
234
419
632
153
709
146
690
734
450
567
291
944
651
958
777
990
876
633
329
336
606
754
510
936
868
589
962
297
105
193
983
323
494
389
482
824
480
284
742
20
104
51
671
788
529
39
621
247
901
186
127
619
500
157
631
603
85
507
619
603
352
418
907
469
941
981
475
76
777
681
309
244
589
573
889
437
183
781
276
953
705
424
789
901
413
215
387
192
530
801
549
753
336
145
389
466
502
174
365
293
60
90
248
938
558
173
659
257
202
449
99
328
947
223
238
287
96
594
219
45
113
582
340
523
369
779
234
940
101
145
353
949
393
947
371
319
606
581
971
736
299
718
7
430
333
325
617
617
426
835
750
390
905
115
209
785
206
544
26
148
641
359
664
991
98
173
804
442
701
240
896
336
227
913
226
993
948
586
842
19
913
4
673
420
31
478
774
893
764
105
469
967
348
595
221
889
284
122
702
355
955
636
353
697
969
380
284
20
673
965
421
453
494
366
89
423
594
673
684
256
514
179
572
821
501
36
852
177
645
479
980
869
32
870
731
113
259
539
545
469
247
182
356
426
246
557
584
176
303
193
375
265
966
878
445
866
807
147
228
408
619
359
547
541
606
999
818
336
445
254
517
806
867
27
164
902
896
901
557
492
509
467
344
672
586
314
986
361
338
805
461
434
414
960
948
308
419
870
858
605
393
490
210
907
717
18
105
250
224
866
415
802
609
103
735
643
226
565
717
119
266
927
372
313
430
745
771
903
955
211
478
932
54
413
662
300
19
900
949
186
434
960
753
729
610
86
378
994
285
411
650
463
571
874
604
993
370
880
466
737
624
870
925
839
144
399
49
524
748
715
712
9
907
973
625
740
126
913
268
677
603
484
50
977
538
432
157
314
319
4
268
811
16
112
195
475
364
418
52
388
478
142
979
14
158
542
431
304
316
532
464
183
752
764
483
827
819
853
825
235
733
751
350
103
979
327
290
311
477
622
890
180
793
379
627
323
575
288
270
552
985
411
577
688
147
271
810
467
459
515
203
620
321
408
861
204
107
49
681
117
868
335
538
436
44
554
825
913
238
380
995
479
810
241
25
943
503
741
932
916
969
495
261
59
273
260
415
422
318
443
528
744
19
521
243
568
147
847
381
750
565
721
687
168
101
510
319
518
245
791
283
368
48
875
995
864
484
620
555
659
895
769
385
456
838
468
968
981
789
465
565
198
56
180
420
648
226
444
799
346
843
763
518
680
158
900
397
239
89
178
611
745
86
481
445
11
844
537
664
560
740
224
100
472
195
786
471
796
466
424
534
219
303
187
777
301
608
265
325
273
737
757
820
965
914
613
627
761
39
743
335
171
762
596
616
769
193
300
365
892
170
495
267
421
486
25
343
204
762
809
843
571
319
701
999
306
788
946
465
607
64
361
381
781
396
869
584
407
369
52
62
667
199
641
348
541
11
514
426
143
587
455
628
911
518
954
176
852
717
874
147
318
329
478
267
487
270
962
477
516
217
248
178
733
847
937
399
377
606
514
417
983
119
361
745
88
388
267
466
811
335
54
573
769
644
960
535
120
607
615
560
227
117
359
126
73
49
917
548
479
897
828
976
1
375
718
305
212
528
486
714
181
475
706
260
103
926
448
149
726
815
419
374
95
271
555
513
829
727
107
223
541
927
343
113
489
287
64
444
330
943
263
953
422
678
258
859
715
190
381
286
179
903
101
588
940
212
957
376
909
874
998
636
913
990
59
730
459
692
548
307
986
547
18
361
217
951
878
678
123
889
63
923
915
720
331
377
610
645
865
242
403
911
45
530
357
368
596
39
613
910
457
836
458
902
165
295
358
681
925
555
962
351
408
874
952
307
78
587
477
403
668
578
985
176
664
132
217
798
907
939
26
754
276
729
692
359
821
921
739
353
861
75
161
757
211
881
625
353
104
151
870
906
427
291
719
124
601
257
816
296
358
916
960
310
946
619
649
419
487
90
930
466
183
845
599
833
90
869
347
477
417
136
611
86
75
442
52
917
420
25
914
720
494
39
982
879
958
172
241
50
283
364
346
842
208
487
814
496
281
892
271
35
322
524
221
596
428
947
89
290
723
129
778
655
866
109
711
762
384
224
644
74
395
974
974
746
751
214
68
750
295
168
236
282
525
42
907
907
411
140
216
339
458
219
114
186
321
559
377
485
743
189
634
65
907
164
712
236
996
534
500
727
306
59
382
18
69
337
324
151
449
801
524
330
916
83
204
860
283
315
631
415
501
434
991
43
96
340
391
386
357
683
571
758
494
64
284
823
678
130
431
340
222
369
854
169
302
203
714
102
953
709
17
551
431
32
987
216
465
404
968
424
994
9
364
715
741
634
886
660
120
679
302
308
244
182
329
804
611
65
71
299
644
352
111
518
432
772
288
480
584
859
89
536
159
971
461
919
342
195
815
843
874
275
410
563
298
414
600
933
754
440
470
809
150
923
159
371
81
147
48
615
649
364
584
491
779
631
546
817
495
210
969
818
784
518
377
760
936
771
884
340
71
796
193
107
458
348
837
877
844
865
382
366
139
274
651
673
716
278
685
889
560
442
517
741
559
559
537
282
312
984
647
714
465
797
671
596
548
358
650
930
173
472
359
175
166
546
943
239
521
536
936
358
314
106
760
742
878
375
578
606
281
481
677
702
766
244
87
635
288
554
994
904
758
265
51
86
930
159
99
643
11
511
809
907
249
18
824
133
557
700
535
488
601
173
409
18
47
793
409
393
380
245
748
936
673
269
131
223
759
261
245
693
853
386
679
101
101
169
969
518
360
808
239
938
525
698
213
588
271
669
616
645
462
868
98
489
838
349
235
954
677
116
770
21
36
245
445
436
635
206
533
630
895
363
911
390
805
255
705
240
489
485
226
673
634
119
471
684
771
109
386
615
810
524
178
652
661
603
315
598
541
531
860
603
795
448
138
893
623
102
290
666
86
748
426
257
225
153
556
890
419
356
464
63
953
417
342
633
757
177
860
651
349
864
694
369
564
406
733
232
324
897
169
40
93
72
954
782
952
389
71
559
93
842
998
121
449
102
889
95
75
208
737
172
287
243
627
942
306
170
678
363
575
640
935
810
404
709
719
449
564
427
950
394
842
291
