92
503
656
537
212
366
956
181
357
649
874
854
539
471
562
622
190
832
452
41
798
432
648
770
769
874
838
473
58
149
907
51
826
924
831
544
180
149
927
845
980
10
539
910
894
799
182
141
322
172
218
417
448
660
523
733
853
136
836
449
528
260
303
189
631
388
39
648
737
563
594
77
730
451
886
474
265
250
730
411
128
409
209
311
77
413
343
594
688
510
59
199
777
528
223
656
547
109
449
129
259
619
727
385
314
59
4
476
376
676
17
645
647
346
69
513
404
24
465
615
114
318
949
86
590
962
352
253
986
883
195
916
360
228
877
370
107
149
663
730
978
307
198
625
723
257
992
88
567
52
306
523
354
822
908
177
66
695
447
530
605
832
136
94
607
100
373
980
644
352
532
387
369
996
294
437
642
446
409
387
104
250
575
977
28
152
701
419
45
701
336
501
617
206
196
265
83
440
377
667
64
358
442
302
553
993
627
23
230
850
699
322
874
960
451
897
16
509
467
940
513
451
791
39
531
9
708
372
607
366
964
169
944
79
335
255
173
343
626
345
654
611
471
102
982
536
564
413
894
814
252
745
688
213
288
4
184
742
323
7
115
569
589
345
468
785
613
136
454
104
347
15
347
479
266
282
497
962
107
125
127
615
491
299
410
188
708
475
759
639
954
914
961
384
578
129
998
994
895
680
965
223
75
329
697
673
673
407
652
182
656
365
3
296
954
265
60
447
183
359
17
670
115
925
479
827
225
209
108
726
757
377
383
813
8
646
932
8
699
874
558
470
313
903
839
451
241
440
980
25
829
886
487
86
535
125
13
878
994
287
517
93
45
483
992
919
322
504
936
119
835
399
373
379
138
340
544
737
189
54
868
827
43
865
922
487
259
430
593
415
379
369
865
979
962
279
639
550
387
635
996
153
156
902
217
79
118
735
547
855
515
362
887
760
216
477
967
282
838
733
168
425
861
706
364
596
676
431
287
238
867
440
22
3
166
75
282
670
440
761
981
53
275
949
26
873
625
434
980
565
532
838
842
354
619
778
767
373
59
281
4
407
473
825
221
270
547
40
386
865
765
351
831
965
919
297
416
298
236
417
759
732
491
146
950
717
675
910
927
275
189
338
911
201
82
320
580
440
319
157
640
662
85
493
254
871
111
737
864
646
360
726
619
831
299
187
763
461
462
764
590
837
403
645
527
240
399
887
511
684
424
944
794
917
647
662
130
393
495
757
301
226
413
260
192
484
508
676
106
31
723
990
196
776
847
747
126
199
636
350
697
493
817
224
734
181
24
752
333
182
134
699
410
880
593
526
954
308
282
211
427
945
358
103
786
466
517
409
431
845
969
648
854
600
5
483
343
423
764
790
536
967
853
216
838
726
880
589
125
226
689
291
958
724
581
624
351
834
1
737
324
391
199
502
197
845
658
932
408
665
756
286
722
83
771
130
654
864
37
574
621
531
80
454
680
144
729
148
907
351
59
485
713
982
398
27
855
931
555
162
361
745
174
336
809
435
35
585
447
303
665
479
677
518
944
717
539
58
458
367
616
494
457
621
746
945
828
535
890
148
274
596
411
944
857
429
519
719
30
868
745
483
250
97
907
818
439
456
774
538
169
321
48
269
274
862
657
329
916
624
433
86
896
805
988
324
34
592
792
113
815
597
187
695
299
719
751
109
310
89
568
405
212
456
124
447
535
618
983
752
615
583
574
749
317
887
617
113
484
838
774
184
281
837
152
352
882
375
487
86
800
740
555
731
787
95
505
192
791
297
743
50
316
988
159
352
992
515
618
404
321
463
889
754
983
331
617
198
119
672
923
849
608
384
117
98
375
682
529
280
1000
812
606
661
602
850
17
36
896
567
87
800
877
26
179
88
282
158
377
551
569
66
492
832
403
808
42
341
87
928
55
519
592
747
140
144
712
247
186
949
512
875
805
534
887
144
716
450
320
445
386
593
868
752
410
187
841
803
804
296
751
59
324
458
434
655
64
470
520
16
490
880
423
188
534
843
244
550
497
991
179
249
812
387
31
832
646
594
13
211
653
461
994
595
41
832
272
826
675
600
18
611
529
420
682
582
71
998
476
691
641
253
629
846
217
857
146
115
732
27
302
574
24
341
502
229
28
156
893
665
265
41
769
106
995
625
270
168
780
87
589
409
951
458
468
367
99
469
552
493
426
179
668
411
202
179
48
785
848
528
623
528
470
787
322
823
311
33
477
811
784
364
266
722
743
304
844
968
209
295
649
105
397
337
739
442
938
582
991
44
522
321
355
988
127
723
849
777
930
850
358
355
479
191
475
64
685
83
397
87
794
659
79
669
177
48
339
615
640
369
972
949
810
454
976
348
68
645
412
948
838
651
298
577
76
23
402
789
812
235
191
67
749
603
475
578
373
296
283
742
419
485
298
920
988
430
456
480
909
988
729
462
738
659
828
242
432
232
704
664
135
188
350
485
326
827
534
331
693
450
270
184
884
870
509
455
4
883
424
982
959
78
824
225
586
288
592
654
618
727
874
135
24
549
697
998
147
698
608
108
984
736
872
398
865
713
397
76
300
548
580
463
267
386
443
255
478
511
216
7
760
798
286
111
197
201
865
979
427
285
147
955
736
954
850
308
788
397
179
233
220
187
767
629
775
246
837
974
789
613
156
566
706
747
891
93
994
990
703
776
965
626
125
293
50
835
672
927
356
463
281
865
706
110
867
743
835
834
669
132
774
105
280
323
606
173
341
458
962
562
619
796
851
937
979
961
319
491
487
847
404
709
676
766
211
924
334
794
622
628
685
722
55
563
349
652
158
888
398
62
771
903
438
655
445
797
809
642
401
956
958
408
746
378
71
316
84
502
648
899
234
881
203
469
532
123
435
189
184
660
43
900
60
583
190
939
384
292
52
512
802
963
300
741
134
615
409
283
802
901
374
255
767
436
815
680
544
790
228
307
766
923
994
55
960
725
581
683
131
995
692
858
211
729
279
26
648
57
715
716
211
902
317
262
831
155
145
443
614
289
15
574
992
505
179
468
634
292
422
452
835
67
204
480
680
640
155
34
187
645
331
977
354
770
657
408
161
750
93
130
956
369
177
203
718
190
283
221
114
756
676
277
843
792
32
668
873
628
163
393
972
498
892
503
930
480
607
242
530
635
825
33
525
579
873
558
882
396
989
514
400
64
636
564
613
45
199
745
628
78
545
851
678
932
23
433
740
984
577
320
568
4
700
658
194
678
52
960
530
855
794
190
471
819
215
469
635
831
586
122
626
775
268
709
695
878
462
580
853
267
428
436
505
495
850
401
234
876
301
705
72
586
292
58
333
786
542
977
202
226
135
856
577
3
542
794
127
316
113
714
403
519
908
273
75
582
722
245
230
12
247
259
175
878
851
488
313
835
670
917
209
914
159
129
43
616
152
14
673
702
794
767
605
295
810
494
355
288
350
304
312
870
611
403
355
256
473
478
578
840
131
684
557
243
571
229
546
570
972
105
497
257
14
614
848
963
106
778
703
73
129
984
120
71
45
216
641
869
241
47
657
631
83
931
624
560
376
318
35
934
251
607
258
285
53
871
116
305
429
356
472
990
842
457
384
308
511
832
557
469
853
23
855
517
379
944
940
233
209
172
538
702
175
183
101
32
762
249
410
788
901
917
18
256
792
38
425
125
952
319
561
237
958
846
398
473
716
390
719
830
623
393
800
802
956
849
749
727
436
507
572
606
593
362
63
823
635
746
673
476
988
519
698
76
880
401
63
3
902
41
146
487
39
154
19
394
262
801
724
174
29
721
341
41
506
681
289
208
97
908
451
547
617
108
530
683
379
543
445
84
403
527
948
293
106
768
520
609
43
867
37
646
238
288
312
134
149
212
856
236
375
152
837
905
90
718
374
291
375
947
253
162
175
138
764
247
757
893
311
505
571
818
338
87
138
48
279
58
699
819
693
91
10
764
784
523
45
86
376
39
691
668
426
946
584
105
361
355
189
526
943
643
954
739
374
15
303
71
226
858
86
886
981
554
483
530
275
312
430
154
969
172
863
729
388
31
884
898
837
232
668
294
580
300
113
745
197
799
712
201
844
317
959
61
182
137
239
479
658
211
812
802
464
184
448
39
856
213
602
581
775
577
76
221
118
806
563
681
827
779
151
530
40
87
70
999
35
721
187
670
151
925
217
449
928
899
52
26
918
356
63
767
127
317
520
23
131
855
74
999
201
986
916
536
756
786
682
146
651
62
528
262
442
651
200
846
510
52
529
849
367
418
214
971
268
466
823
872
475
846
906
711
52
820
183
658
394
220
387
558
782
463
192
564
335
884
539
876
561
506
176
539
414
228
546
706
115
31
295
545
910
978
999
845
492
152
960
341
435
333
210
930
160
528
133
573
847
711
327
472
534
899
483
472
469
906
636
692
320
563
362
908
892
935
986
878
454
590
89
836
189
28
946
594
147
460
253
455
380
511
552
843
233
786
28
513
784
33
253
515
708
460
223
410
791
847
558
722
512
454
480
395
874
280
401
652
299
930
418
656
26
599
126
99
82
993
621
466
638
512
609
793
716
455
571
165
618
595
85
851
153
589
258
348
603
598
645
427
242
585
632
201
102
680
148
962
112
646
881
555
201
987
766
450
677
739
118
929
151
559
762
901
63
741
961
933
416
54
575
768
155
458
595
898
406
96
169
902
623
321
30
498
435
734
336
28
412
708
851
764
889
839
989
356
475
491
870
192
778
617
599
622
416
398
361
223
848
528
912
939
694
811
203
963
836
298
904
752
137
504
355
516
57
199
31
210
614
500
839
836
679
419
429
422
55
639
184
681
111
336
157
344
904
816
214
15
902
784
284
392
985
988
586
82
404
84
33
270
883
756
733
318
95
106
290
535
958
482
755
250
818
274
808
163
471
188
291
228
749
713
691
631
461
568
812
328
115
722
352
720
36
343
943
711
103
451
355
118
324
180
13
784
550
364
931
924
752
130
155
796
97
758
731
704
997
64
303
223
308
248
692
640
731
216
562
678
860
922
952
223
96
842
518
345
974
273
231
892
181
210
81
965
514
17
641
976
565
239
92
618
81
922
998
709
253
94
926
864
727
113
432
969
984
892
700
408
362
660
415
944
980
826
443
491
967
694
406
535
14
610
775
458
343
336
918
799
145
589
154
534
78
746
785
86
194
38
486
598
968
963
78
130
709
805
367
76
725
36
264
172
316
681
882
514
853
481
418
556
374
217
89
479
740
161
956
295
965
992
885
546
366
332
777
302
407
173
656
701
745
190
643
323
100
125
318
381
630
76
832
571
373
708
912
690
55
980
441
471
812
439
212
14
206
159
230
438
527
310
198
2
653
308
813
531
293
234
27
571
519
713
657
395
325
899
594
47
123
229
740
199
435
513
445
942
491
959
500
190
655
579
180
96
182
22
198
253
640
911
677
321
842
856
734
361
167
417
741
998
474
777
683
666
818
200
516
883
297
477
317
883
870
580
411
656
71
277
669
91
699
87
822
832
478
403
294
949
656
934
577
172
300
962
192
651
233
971
630
166
311
241
819
190
174
453
828
777
130
152
160
790
8
326
896
671
599
848
691
132
135
797
328
197
982
339
501
364
924
55
142
105
412
359
607
333
67
554
490
458
351
309
977
397
704
374
457
321
170
444
850
842
698
104
547
422
712
672
621
936
107
468
822
644
551
765
337
571
361
312
934
969
138
117
730
322
484
337
152
940
788
314
956
3
914
897
208
637
946
517
484
369
514
973
567
134
306
1000
848
593
920
550
144
651
667
367
591
754
970
517
104
360
992
875
625
74
124
724
588
333
748
189
404
856
919
89
162
426
53
355
808
612
491
209
524
98
853
344
103
734
785
744
398
936
405
536
457
72
709
779
968
206
289
149
242
841
848
771
419
221
609
766
132
543
469
116
902
780
740
208
804
664
866
592
301
413
471
568
239
314
226
581
27
308
343
598
631
511
969
336
96
521
883
660
183
410
834
778
626
768
556
402
436
182
401
495
730
159
949
380
995
129
958
836
729
607
221
772
15
29
1000
184
18
329
38
200
854
693
284
933
379
870
416
958
304
159
374
265
98
982
249
749
364
880
381
26
577
67
989
912
417
993
637
593
788
955
74
68
800
491
689
954
27
231
822
113
313
833
421
265
141
33
681
99
110
207
922
434
84
645
828
617
5
931
951
915
272
589
674
103
926
68
292
172
687
699
494
343
555
40
725
679
574
629
272
677
33
163
352
328
684
351
490
750
95
100
335
592
271
702
797
894
491
671
608
766
300
406
750
344
254
450
292
692
983
412
678
106
613
780
705
981
826
315
753
870
111
334
305
891
784
493
539
849
134
233
881
571
713
96
56
404
84
472
763
648
858
593
766
101
260
272
699
745
438
324
633
273
490
151
401
472
192
684
529
23
227
459
241
205
68
684
598
911
55
772
162
139
672
637
403
650
373
734
478
719
197
656
730
514
458
820
358
938
111
538
1
195
114
499
614
565
156
431
883
522
129
361
519
378
912
753
510
195
207
59
560
85
627
65
208
984
732
989
842
336
142
905
636
939
415
520
830
267
683
573
704
974
881
7
315
315
494
616
713
967
746
114
601
841
799
185
766
123
192
892
873
343
266
417
181
876
30
506
916
265
305
727
433
466
284
178
50
468
61
790
903
894
113
204
503
442
252
191
228
988
836
214
758
654
827
832
172
565
55
943
544
618
672
281
398
403
923
442
903
478
907
510
602
190
824
581
257
354
291
873
774
2
108
951
593
763
149
905
182
956
230
129
906
575
574
942
