376
378
805
457
478
189
580
565
638
571
186
149
214
241
229
573
268
787
718
41
59
538
972
220
47
182
95
698
876
190
426
123
467
121
506
636
957
606
745
972
970
549
711
907
496
135
467
76
914
275
29
479
713
66
296
573
729
69
557
377
171
914
537
953
448
760
271
768
66
999
689
692
280
771
431
374
924
214
433
549
114
813
191
790
131
978
270
710
75
854
712
955
824
324
417
480
666
240
175
12
163
700
994
267
289
865
589
210
824
132
248
840
966
873
690
751
288
536
282
313
60
302
463
481
427
304
58
724
547
441
257
839
264
740
776
930
545
801
646
518
577
62
932
83
679
566
354
713
441
486
895
330
681
649
127
601
108
118
150
904
510
338
731
226
799
841
944
272
242
413
205
618
992
510
2
667
648
819
70
522
513
821
282
224
873
414
813
882
881
217
253
961
988
516
934
605
717
240
373
506
220
686
517
397
588
170
460
954
228
497
139
840
42
239
953
707
387
904
748
193
770
654
698
721
188
596
700
523
922
879
208
706
793
553
996
460
410
998
248
378
391
557
35
829
991
116
931
122
920
422
918
764
420
827
981
714
297
654
19
788
441
282
603
89
969
606
438
821
814
895
627
419
497
943
344
109
248
793
603
578
545
502
5
406
578
580
379
577
908
439
77
421
803
506
619
726
785
562
502
872
78
687
389
858
156
82
22
807
513
427
823
431
708
166
880
181
288
3
352
28
577
796
621
300
561
45
153
315
207
770
489
1000
486
27
273
662
408
152
330
676
926
784
41
980
557
296
495
656
583
679
122
129
714
27
413
180
317
670
605
766
664
388
729
603
122
150
135
561
809
248
787
881
177
754
95
692
1000
33
818
87
641
165
947
230
91
830
967
47
507
649
306
65
660
345
630
296
843
294
233
338
151
639
752
522
370
505
184
506
285
360
512
140
314
307
170
354
723
183
510
65
557
720
603
545
215
953
672
954
967
533
722
343
185
53
177
364
446
389
553
855
537
255
205
768
426
355
100
826
234
727
247
141
991
64
466
145
862
458
397
226
219
175
181
75
24
701
1000
167
35
57
151
276
434
583
810
399
974
182
189
220
845
543
323
71
553
793
936
124
640
169
923
273
212
181
917
785
184
58
666
428
922
62
801
40
408
270
758
964
819
509
694
887
399
386
890
861
6
896
918
732
991
437
642
885
598
15
961
655
45
157
560
628
886
438
461
139
797
673
769
186
651
905
769
923
51
965
18
18
613
731
728
532
685
26
855
584
110
205
299
180
833
563
774
45
539
375
866
129
414
6
977
544
692
206
709
366
636
426
74
731
638
570
235
417
868
410
786
957
801
658
804
568
109
456
676
126
671
621
985
268
630
535
787
730
910
76
850
488
247
835
895
375
214
36
649
342
34
428
597
393
825
16
541
953
134
469
316
843
452
272
368
359
657
283
108
568
124
709
457
571
169
530
460
973
993
353
740
428
234
99
899
503
515
197
605
293
393
585
855
744
84
4
673
234
795
423
493
777
501
518
639
920
468
174
553
268
952
356
867
191
583
368
935
228
988
277
568
500
522
767
97
841
575
729
690
784
162
739
358
677
586
385
65
91
782
64
650
370
53
456
761
713
875
385
801
318
652
910
954
323
309
419
938
744
136
759
869
582
130
123
264
325
203
517
55
475
540
530
329
894
27
59
788
587
789
149
409
63
798
110
206
675
689
350
487
814
567
467
917
927
684
381
119
573
120
89
779
616
9
461
535
962
118
603
187
395
184
426
426
880
344
497
991
538
942
497
929
21
645
185
176
579
883
839
775
250
884
82
468
612
866
216
622
91
967
737
325
222
482
398
970
193
40
976
412
452
429
945
6
758
966
496
443
880
184
287
561
847
283
696
613
220
145
54
669
65
534
669
51
750
997
90
362
537
796
701
982
142
715
128
34
685
783
713
751
187
769
605
522
79
724
431
323
197
576
407
871
428
677
745
544
70
373
190
173
369
98
912
374
143
70
309
542
290
811
521
162
794
905
147
676
574
307
378
227
337
846
395
794
833
997
265
40
181
622
484
39
960
60
362
397
926
847
995
284
707
391
20
197
903
810
339
649
483
32
399
428
566
632
409
464
56
951
916
341
526
786
22
18
128
686
905
498
286
177
460
785
707
715
471
864
4
487
455
329
797
175
117
868
507
174
281
150
14
945
338
956
760
247
615
212
794
38
723
103
791
214
827
233
394
464
866
824
563
361
550
273
854
946
845
734
286
594
166
479
642
676
688
186
541
217
499
660
93
706
438
516
258
68
788
239
249
770
12
109
489
64
211
759
819
985
552
947
419
869
113
743
51
94
778
962
645
842
247
2
735
905
457
248
438
79
516
416
389
958
316
162
48
64
102
384
549
536
974
632
534
578
619
93
139
336
102
257
947
329
374
989
434
825
760
983
934
30
339
689
181
791
310
857
828
270
649
132
884
995
486
75
421
706
122
589
919
731
192
973
823
495
853
587
683
926
386
403
997
131
635
738
973
603
986
583
584
658
124
682
46
375
351
97
27
92
794
148
128
190
238
680
517
541
106
407
473
906
554
800
201
679
251
493
506
549
221
11
362
133
713
782
56
919
836
819
699
925
367
128
708
145
510
345
118
697
195
794
607
882
174
442
147
74
518
524
278
878
179
990
293
104
227
122
259
77
875
37
577
601
272
35
975
798
208
293
255
521
556
306
331
260
673
256
560
93
972
122
219
502
93
552
725
750
966
678
660
269
830
468
515
663
66
541
23
495
325
264
18
893
187
838
855
276
740
704
70
222
25
443
833
57
822
641
411
525
323
150
107
12
550
511
550
979
431
31
796
640
82
498
274
961
697
187
327
677
279
892
579
825
112
800
337
808
808
182
928
604
889
181
675
995
140
16
580
935
31
764
791
759
136
467
803
978
183
352
682
473
500
761
933
545
381
464
366
616
917
602
396
653
647
170
66
608
667
551
39
778
778
311
302
698
376
514
77
329
650
217
417
389
470
671
232
455
541
193
878
186
6
137
358
741
416
117
582
928
335
407
402
685
283
242
23
398
128
153
174
878
562
960
347
641
940
534
770
604
713
630
927
682
141
458
51
983
264
658
457
940
222
454
546
927
474
684
291
765
819
381
338
216
375
695
439
554
209
550
368
18
900
118
419
449
837
310
118
91
358
34
324
653
425
783
311
570
647
981
935
410
880
422
195
652
18
713
857
250
707
541
94
624
129
353
986
782
136
991
860
54
773
976
662
218
941
496
949
788
65
171
712
428
378
586
334
415
681
867
163
235
505
484
108
688
824
822
259
266
129
182
374
414
683
485
272
204
629
65
760
834
147
746
87
176
267
483
964
529
592
98
801
984
46
528
230
135
893
520
444
541
758
316
424
615
215
495
975
406
982
356
951
243
807
23
179
201
459
592
841
626
396
733
292
168
593
990
977
555
988
65
737
599
850
89
403
60
659
170
216
384
777
39
134
552
83
391
343
950
501
671
802
934
75
161
324
717
856
516
101
487
941
600
939
935
225
889
130
420
871
32
935
847
507
129
556
480
33
454
331
550
115
903
657
257
421
533
908
609
106
603
173
241
72
228
181
683
181
734
877
803
1000
245
60
157
181
256
556
425
571
658
515
612
810
538
875
219
171
745
36
316
604
733
302
888
200
886
391
954
215
983
253
946
639
960
51
970
956
125
14
952
302
78
578
248
439
476
700
762
271
800
273
543
335
356
181
153
18
297
584
938
377
882
298
384
187
207
462
428
671
885
164
495
187
221
874
126
565
53
176
901
174
362
737
443
793
763
242
648
383
895
414
477
984
367
121
407
16
12
130
455
351
503
671
510
712
545
502
794
3
834
624
944
579
607
590
130
701
49
171
495
141
205
508
471
46
748
90
756
463
718
108
532
380
52
404
789
496
412
113
382
870
508
20
90
698
350
680
797
887
957
283
332
713
656
474
621
330
532
819
511
411
647
824
808
365
971
635
474
807
190
175
681
612
120
192
427
158
462
13
427
315
142
76
527
706
480
383
645
204
60
301
239
257
361
503
384
701
117
531
90
790
373
978
987
251
84
285
408
247
952
754
289
568
938
625
791
376
928
562
811
173
484
547
985
510
948
65
432
233
78
879
633
17
49
912
995
148
772
30
763
436
975
468
335
720
473
274
991
515
203
741
450
23
950
733
322
737
583
349
546
245
482
697
718
487
186
638
343
829
106
924
437
64
38
703
808
136
984
793
913
17
216
145
71
570
381
359
55
915
186
206
571
314
516
103
216
574
742
342
992
702
69
917
76
504
433
147
790
196
732
358
385
928
570
121
684
395
684
254
913
642
994
223
61
472
914
633
449
270
954
234
684
472
864
300
634
807
935
800
738
526
514
826
776
380
321
208
249
691
701
613
105
775
139
280
917
451
725
945
496
981
801
86
970
384
75
782
277
581
295
161
304
462
450
328
543
486
506
878
437
511
854
400
259
116
264
975
421
340
665
774
157
750
365
33
350
151
815
98
972
498
787
459
294
501
495
195
549
640
644
958
394
121
15
160
601
560
101
279
878
588
620
73
696
269
352
412
74
673
208
845
574
237
697
754
895
909
978
485
616
252
521
831
941
202
785
364
253
991
295
60
166
72
486
102
895
520
778
262
380
4
736
392
525
501
590
651
462
291
400
711
940
695
571
824
227
393
750
235
377
519
140
428
440
362
600
861
876
915
374
946
823
921
391
965
435
889
21
212
407
616
763
222
783
698
378
26
400
565
670
778
49
161
274
662
811
323
749
160
777
670
113
848
753
754
836
361
709
381
948
247
897
61
979
844
221
75
883
583
530
126
133
83
572
124
634
401
898
392
232
616
807
376
451
986
859
940
404
656
779
83
701
793
442
942
967
495
926
472
550
59
640
280
760
843
914
627
85
16
752
351
63
531
728
809
185
715
655
796
989
270
618
292
473
111
163
734
87
799
201
14
878
812
980
195
38
356
64
607
793
704
21
602
920
958
150
802
728
772
534
821
260
793
639
667
406
820
840
99
530
302
801
33
308
163
498
480
351
60
555
999
519
887
422
309
78
539
172
723
223
876
765
134
661
27
241
672
780
742
428
938
367
265
84
118
130
700
593
994
163
199
15
921
988
804
618
792
402
645
932
356
642
641
518
251
371
31
649
287
776
193
786
525
656
396
121
290
977
30
741
719
684
523
957
863
3
508
281
852
341
271
235
968
70
393
852
931
327
698
735
40
238
404
87
715
442
559
351
736
195
848
691
72
90
744
497
453
609
147
922
434
815
300
87
741
286
370
728
856
438
481
995
899
916
328
965
429
679
568
249
550
247
955
99
673
338
325
656
815
874
746
157
268
137
155
338
890
695
316
254
517
258
62
380
599
37
145
752
995
10
5
992
24
816
73
987
806
372
117
267
621
89
172
663
361
565
678
677
304
115
261
509
170
783
862
661
510
115
317
906
331
245
588
454
282
220
144
702
392
786
327
451
352
840
485
581
993
603
871
29
335
512
785
233
843
577
488
665
564
4
782
246
110
553
990
954
8
906
988
377
934
831
609
920
679
49
437
772
258
380
62
971
216
342
160
507
988
717
397
34
270
988
881
63
432
948
964
414
32
26
304
398
764
281
507
538
910
973
139
184
881
993
716
695
367
647
759
957
988
329
298
90
535
650
592
345
874
639
824
43
647
53
171
650
1
22
282
456
907
177
299
253
707
1000
763
36
608
270
682
52
57
875
421
354
426
703
321
789
527
863
640
136
504
518
222
761
227
391
796
772
341
288
354
883
52
287
88
313
72
916
403
550
5
723
241
217
109
496
357
239
808
439
463
445
898
328
195
484
370
732
128
935
333
212
945
119
513
787
635
291
612
27
945
648
889
718
331
477
902
772
278
139
630
937
992
783
334
115
343
518
880
493
808
872
406
116
490
562
805
8
274
897
864
642
435
423
655
572
283
58
509
770
732
791
620
41
15
236
897
64
319
35
902
302
544
440
426
633
110
755
771
747
435
879
437
3
642
643
696
86
10
794
657
585
948
728
988
549
67
394
445
286
326
448
462
358
622
840
992
854
600
661
784
996
39
596
632
132
614
75
2
974
449
874
171
968
148
724
417
625
479
639
515
127
905
134
242
393
345
220
762
444
586
420
816
472
155
370
79
423
781
445
205
6
32
169
767
436
935
888
676
154
198
196
825
510
206
787
745
656
812
916
362
342
786
266
527
744
726
306
545
626
357
545
625
673
78
410
768
692
371
156
192
792
863
252
92
140
32
31
43
648
576
303
691
565
601
278
770
769
899
343
638
139
174
250
616
195
768
618
511
824
12
59
189
998
374
734
815
618
715
55
684
216
259
717
904
608
499
736
911
659
278
561
890
311
973
666
944
304
128
263
393
80
104
416
600
466
177
182
163
441
349
653
66
935
193
558
17
373
860
672
172
960
6
86
179
194
602
608
103
594
996
674
688
132
252
17
37
554
453
867
836
624
193
722
416
42
615
499
625
278
507
243
709
557
262
124
753
512
691
429
735
870
664
109
903
489
918
327
678
575
74
376
678
592
332
507
705
826
440
172
774
619
694
868
719
449
685
736
1000
436
970
368
566
703
297
131
759
452
131
860
533
161
200
930
200
773
608
302
653
613
853
260
187
511
859
947
202
801
710
843
39
632
55
442
958
141
75
994
11
196
614
413
651
305
203
932
133
669
61
440
31
124
111
585
621
102
344
54
53
590
205
395
180
17
736
449
144
538
111
489
196
779
384
359
251
92
394
129
326
432
93
917
489
480
466
872
932
197
30
140
610
922
305
536
187
480
258
475
245
697
415
169
178
889
777
551
355
999
131
784
88
73
314
573
802
794
782
199
888
175
530
232
660
72
20
184
435
716
419
419
96
256
89
452
113
325
421
21
795
961
588
404
961
15
933
959
553
518
629
477
728
627
164
491
230
808
413
434
339
366
759
963
112
627
223
297
397
324
554
646
884
323
137
285
525
930
957
530
201
179
252
701
246
453
677
403
240
667
851
199
254
25
326
792
592
380
608
663
542
12
181
766
571
592
417
824
560
150
713
382
168
317
874
567
93
150
130
764
913
40
308
357
725
727
93
623
559
477
762
930
161
11
465
728
514
885
781
774
286
568
328
804
733
231
616
910
514
161
913
556
78
50
469
792
867
965
563
956
235
162
946
44
20
934
486
547
775
938
357
359
396
587
921
406
156
39
138
619
360
49
439
239
886
255
730
686
572
61
980
410
75
159
312
207
398
410
401
772
326
574
763
446
856
909
885
980
488
171
297
182
405
391
548
357
252
574
435
296
717
528
229
561
731
317
37
504
859
696
268
74
531
113
987
951
435
164
90
102
57
222
41
694
658
68
465
494
866
405
793
835
54
306
22
734
563
928
624
629
752
976
210
921
168
426
13
994
153
94
297
956
214
551
777
823
736
262
436
305
974
455
205
333
617
588
408
29
90
104
605
863
147
679
188
132
935
962
657
959
785
580
388
396
140
393
34
19
108
6
696
783
973
154
899
984
279
396
225
739
281
676
187
428
559
540
970
365
865
448
982
259
815
488
300
1
679
877
781
328
228
855
974
237
788
352
988
302
8
970
95
56
595
328
804
966
118
604
59
770
649
899
609
100
186
676
552
268
289
356
614
119
5
978
782
402
265
723
81
70
909
689
610
54
206
313
406
114
556
212
163
5
162
564
602
843
973
441
845
882
543
872
506
108
231
863
886
849
75
228
395
234
634
936
51
943
600
572
736
178
791
101
427
34
330
277
539
951
824
842
176
945
268
105
203
489
682
438
34
639
680
899
81
839
988
107
842
10
12
411
687
15
407
761
181
329
152
703
955
282
850
136
711
760
949
767
572
901
704
315
247
460
248
499
405
36
909
463
741
308
593
68
239
818
538
273
818
717
617
246
477
291
328
276
989
563
410
411
214
220
363
583
130
751
426
666
9
756
108
960
32
150
827
65
32
566
334
93
11
504
409
736
586
139
115
541
289
831
655
697
660
675
3
638
431
408
885
541
641
427
741
788
531
411
489
836
654
153
498
32
614
678
669
470
34
402
325
99
515
417
601
474
409
369
704
453
505
153
440
29
962
410
145
607
817
48
449
939
63
375
98
222
902
978
156
229
852
264
337
411
364
70
629
89
586
944
975
9
807
866
111
925
135
22
705
933
9
126
1000
31
835
805
235
488
586
751
446
226
730
310
219
343
219
995
722
85
746
524
588
865
676
446
427
909
519
819
306
695
214
642
528
757
780
809
593
965
6
646
949
52
533
629
437
570
334
69
762
353
503
124
325
524
719
936
735
143
155
712
988
776
640
976
343
782
594
407
211
408
921
839
793
955
826
754
236
42
743
577
408
415
710
616
318
316
507
194
593
287
430
541
423
10
609
577
283
574
226
153
186
13
343
588
983
164
275
795
672
353
136
436
651
967
620
979
367
796
60
527
372
490
170
70
178
372
15
981
344
54
678
536
122
550
591
762
12
153
818
627
498
95
116
96
87
497
753
17
267
679
251
566
472
483
291
547
557
467
992
982
621
762
156
235
421
925
532
874
238
127
26
127
32
979
617
79
723
466
767
735
163
171
629
987
296
894
992
119
160
853
650
533
546
550
691
710
164
814
159
722
129
218
33
129
258
490
611
565
17
399
872
974
849
168
951
545
131
836
828
123
688
762
40
706
877
919
944
156
889
215
744
473
912
149
602
64
602
892
544
640
862
680
877
529
463
940
399
714
453
761
142
649
831
925
441
895
174
56
737
259
275
466
32
465
75
196
228
402
250
460
94
180
137
633
764
806
922
111
582
678
117
60
457
965
15
523
515
27
234
485
689
312
429
294
708
968
585
114
872
247
172
375
801
654
631
462
893
555
65
234
290
225
700
585
236
704
904
608
156
65
572
699
131
822
435
96
115
891
226
383
103
698
276
582
244
442
715
803
317
563
691
99
595
753
693
562
198
510
289
238
297
870
897
791
305
534
469
265
607
578
838
49
544
439
590
684
489
698
396
818
846
675
70
786
961
278
747
656
225
