715
165
382
800
909
934
402
538
666
901
785
934
861
102
217
308
614
960
499
869
213
677
437
72
16
980
560
916
461
803
166
993
145
24
833
729
998
319
194
520
237
386
45
627
175
640
214
275
586
285
356
747
484
861
810
311
575
830
96
914
955
357
354
49
734
59
577
684
950
156
254
665
237
621
662
506
283
86
752
800
601
288
681
125
351
622
709
511
907
772
903
611
108
828
989
134
756
227
764
356
24
141
695
454
775
977
229
17
389
939
536
632
220
579
443
140
716
827
170
841
218
970
928
48
458
500
234
254
956
443
528
136
280
167
208
568
457
492
803
561
591
9
996
201
717
414
590
360
895
231
741
130
659
217
568
938
171
242
684
153
841
832
774
518
223
150
743
998
946
419
871
64
807
450
656
188
716
623
149
288
57
757
523
609
664
119
708
883
886
77
873
322
550
287
432
6
877
269
339
746
505
364
861
35
610
785
120
959
947
145
654
342
129
597
885
245
755
331
436
535
362
884
420
681
117
651
683
150
127
876
91
744
608
229
867
181
941
828
883
626
363
62
317
53
400
61
451
578
776
322
413
136
534
481
584
247
807
813
537
56
528
790
584
273
5
5
281
24
291
898
583
642
125
409
626
345
632
662
341
330
785
231
725
726
437
897
963
284
14
320
613
673
38
534
48
593
347
696
223
89
602
376
600
218
670
225
436
100
929
794
166
777
953
447
718
29
203
845
226
883
24
318
583
613
913
444
454
221
461
772
874
385
394
132
83
81
70
766
263
50
393
509
562
706
824
210
606
379
377
994
929
102
867
59
621
313
414
214
433
94
558
884
780
624
264
722
355
929
129
543
764
478
57
793
428
800
913
17
621
240
377
442
894
907
41
703
842
129
220
509
573
407
922
491
995
662
65
376
229
593
755
661
261
232
277
304
527
104
668
623
373
619
472
815
13
395
607
816
66
408
474
698
163
188
208
380
626
531
888
970
684
735
138
307
408
538
541
163
798
794
284
526
752
770
463
121
287
225
672
686
627
95
693
916
827
751
887
852
868
372
902
943
130
440
385
255
679
156
17
300
359
352
10
61
347
465
549
111
988
779
937
435
557
828
688
487
807
959
347
189
724
411
602
684
134
766
151
56
393
601
