666
339
204
186
967
203
776
65
112
840
1
978
512
275
771
131
631
789
904
695
758
334
288
399
782
728
935
965
801
657
914
283
241
201
839
298
300
281
866
578
196
204
418
66
512
512
802
983
282
905
726
399
871
688
47
36
100
528
385
203
781
673
609
841
602
484
241
275
627
998
115
41
524
861
66
618
177
993
614
524
667
439
854
949
284
693
139
936
750
397
194
720
971
197
826
23
745
863
511
741
760
8
78
495
287
826
952
505
177
15
726
764
841
641
436
855
439
107
238
178
793
414
503
40
228
118
410
747
991
643
911
635
523
886
690
808
625
746
492
723
338
338
1
577
789
554
733
402
934
82
777
684
329
897
472
42
92
197
989
88
124
5
639
944
895
528
19
22
180
994
322
264
731
223
841
727
422
269
851
438
488
252
239
861
908
999
569
953
558
990
560
355
709
649
535
857
961
104
503
856
608
936
80
31
896
233
587
513
971
785
527
227
301
877
638
755
303
455
160
43
277
89
972
682
350
861
300
254
546
299
35
159
937
56
289
155
53
121
198
678
794
905
857
12
560
341
117
316
327
331
500
209
498
740
700
666
114
294
967
85
58
858
976
701
751
912
224
568
614
971
258
529
698
152
68
635
204
481
252
944
277
59
300
618
905
663
356
902
448
164
495
205
681
626
837
456
639
852
613
502
984
449
729
447
482
794
799
916
987
984
618
186
396
218
642
658
473
433
398
607
265
852
956
706
40
704
295
357
59
645
748
945
387
118
827
676
320
332
631
665
503
59
110
551
908
8
481
245
1
907
427
75
162
184
646
767
956
654
921
52
568
694
19
668
511
913
268
60
513
582
529
533
324
259
374
560
622
861
794
123
558
26
603
814
385
368
520
430
484
218
811
280
671
407
214
164
567
41
504
785
590
189
243
147
609
15
238
640
75
157
794
33
872
557
667
82
199
872
924
216
301
972
836
543
204
347
832
970
115
444
210
453
642
720
986
237
891
877
376
398
528
409
850
484
987
275
780
608
457
462
645
719
169
152
491
239
230
704
799
954
642
255
214
1
952
696
919
512
293
31
9
413
870
459
359
383
503
719
802
891
450
938
47
285
693
566
465
104
971
582
50
908
76
737
136
940
150
885
922
228
918
608
124
199
961
217
100
708
781
615
252
310
897
76
746
950
724
317
375
273
253
16
349
369
424
750
865
130
728
311
916
32
36
539
929
949
53
342
928
93
388
861
791
607
790
874
781
130
603
434
871
166
282
325
430
829
721
459
984
664
927
183
970
530
604
922
507
694
72
476
619
589
577
598
688
87
70
40
403
870
519
572
29
975
627
244
333
693
313
981
447
981
295
190
180
858
897
827
626
94
843
162
228
769
930
184
877
195
51
43
231
974
494
855
180
156
206
675
804
537
909
672
251
505
934
723
292
806
219
289
73
982
50
180
750
359
355
299
134
477
103
550
214
247
64
654
471
443
760
267
714
555
453
920
643
103
961
274
815
995
434
54
56
975
29
669
875
875
491
28
927
373
737
62
125
793
785
133
999
468
307
190
995
322
364
713
62
977
982
83
22
479
735
145
791
915
566
648
882
865
228
614
92
458
465
49
756
793
182
840
486
261
475
113
170
474
163
756
175
278
739
201
500
26
998
142
91
752
761
429
802
883
950
386
622
58
540
232
975
107
953
913
765
381
475
636
487
234
232
654
183
525
539
710
646
562
94
167
111
231
188
574
547
423
450
132
768
867
798
183
541
103
285
279
335
674
952
73
246
387
231
840
604
51
569
620
161
195
747
345
583
529
33
840
753
206
284
730
563
46
167
35
34
993
394
683
547
912
171
357
78
31
431
39
101
424
404
193
429
244
557
611
699
494
659
824
816
705
927
544
12
897
341
159
549
968
370
28
523
637
939
660
568
625
50
435
49
702
509
667
934
921
204
175
285
913
406
483
779
919
242
909
253
355
647
249
646
99
879
990
310
620
200
143
518
851
275
500
548
433
773
450
547
400
639
536
902
158
972
459
180
604
218
931
506
438
875
695
693
851
654
898
7
963
47
294
394
279
948
801
204
219
731
888
539
314
127
279
851
692
654
732
135
11
176
581
866
194
707
406
104
958
167
735
567
443
118
750
575
646
102
353
578
216
140
548
814
225
16
781
179
741
165
844
680
915
987
38
688
362
276
819
165
407
631
335
538
309
128
250
310
457
873
358
390
243
281
644
802
636
592
779
862
721
86
494
101
262
745
443
426
805
753
365
835
575
767
966
337
730
980
132
780
876
765
301
152
445
982
769
314
214
948
154
203
193
461
459
462
705
427
405
281
183
238
472
205
350
637
471
861
600
875
120
622
23
118
190
325
539
761
508
674
632
91
252
733
250
269
357
470
72
908
138
692
491
203
305
668
597
982
63
998
3
144
842
742
55
360
740
522
597
345
503
656
736
127
980
309
156
151
668
885
876
555
112
674
616
740
508
119
935
764
940
224
231
569
829
103
994
228
765
558
851
89
283
762
376
623
483
390
390
888
253
703
994
624
983
516
79
173
506
855
287
682
515
744
404
964
709
916
291
258
301
640
538
834
305
205
234
547
777
887
396
349
45
852
600
536
510
20
209
526
497
188
150
940
852
291
138
695
204
580
138
315
982
87
782
911
569
38
827
446
721
233
173
548
934
835
850
120
610
126
787
525
19
424
468
818
672
113
237
740
978
452
743
430
463
767
810
227
856
491
955
373
511
419
311
869
922
169
573
857
246
177
95
724
263
267
921
939
740
513
23
233
390
768
827
562
456
37
818
536
409
826
166
651
147
135
749
218
751
171
224
34
668
28
834
308
808
872
983
999
327
795
690
612
378
404
55
444
776
461
847
70
578
108
584
950
157
643
847
794
122
611
73
153
998
924
104
123
958
625
530
745
400
957
543
732
972
864
706
783
423
429
543
546
823
762
882
720
694
513
234
243
81
829
30
564
83
680
877
625
266
800
42
319
690
38
925
196
263
84
533
712
187
447
438
480
450
195
645
550
762
633
684
774
662
748
882
40
407
312
56
79
467
190
842
161
141
127
199
86
655
641
986
641
49
544
937
551
510
882
809
68
656
789
699
408
547
112
550
486
252
202
93
442
224
466
611
761
228
500
367
70
999
91
801
716
747
556
675
430
946
551
900
414
504
513
166
821
821
284
698
884
64
933
274
633
479
936
433
660
822
873
899
569
29
881
696
162
606
317
731
667
216
709
895
671
914
72
508
548
748
288
304
801
698
537
233
842
103
861
978
796
246
980
844
453
642
111
134
969
856
342
12
299
426
31
870
936
424
361
211
591
999
502
10
735
271
112
963
889
109
433
438
262
790
580
557
893
37
682
260
763
778
194
549
650
508
581
461
818
652
511
37
915
602
267
43
640
21
875
285
751
495
413
447
925
697
913
984
280
206
367
201
65
819
324
639
767
696
523
404
35
718
24
353
270
182
14
906
63
648
686
841
480
247
79
99
384
638
461
580
973
209
589
519
943
975
704
601
873
422
822
848
190
260
727
722
844
393
19
665
451
274
545
426
853
603
609
209
736
267
751
369
374
70
605
108
757
64
557
442
349
887
233
214
151
160
927
292
495
562
335
300
963
914
691
61
6
925
730
1
815
639
661
254
123
670
820
522
851
594
472
747
118
389
180
861
270
236
471
393
267
496
419
352
910
338
985
409
865
654
696
494
988
540
531
223
730
618
119
242
116
760
392
964
208
540
284
351
845
557
832
45
741
314
69
455
663
945
26
313
245
225
393
867
345
347
389
693
434
119
705
164
721
36
834
591
852
501
842
150
683
113
129
49
594
104
512
840
785
133
871
578
468
178
281
783
630
576
346
45
674
52
522
474
682
804
479
835
277
462
978
580
338
171
79
778
915
631
79
280
749
453
673
815
306
869
573
435
546
456
51
469
239
661
857
141
96
163
486
544
291
909
629
459
656
747
33
1000
532
571
913
940
983
550
152
217
711
116
720
751
61
236
185
229
660
402
489
988
160
40
557
55
366
804
503
720
466
26
500
206
3
319
284
903
320
993
441
443
290
280
181
686
39
257
589
907
423
507
409
289
61
601
516
985
303
271
146
585
267
367
40
732
906
600
837
66
853
977
971
611
830
705
469
784
213
772
69
403
986
617
238
741
535
312
890
859
286
471
947
783
508
933
157
90
320
79
576
565
415
241
912
826
284
692
829
428
932
506
905
852
814
690
71
410
657
912
564
665
141
623
423
958
676
912
983
687
105
924
397
932
436
129
318
576
163
239
287
738
848
748
332
649
452
632
32
658
409
215
444
422
492
919
753
715
34
661
238
977
344
849
528
748
759
34
371
119
721
453
396
219
120
165
826
341
720
16
719
78
1
448
933
258
282
604
317
650
788
500
362
234
239
786
988
156
148
704
549
582
799
178
443
798
968
68
698
311
463
139
567
244
877
502
288
265
530
852
495
483
186
838
724
560
20
776
430
443
441
953
698
982
146
877
143
887
840
535
206
887
191
340
659
335
813
896
319
893
92
664
564
993
391
155
644
388
563
331
928
227
12
184
954
244
505
363
626
823
491
739
144
783
647
239
237
559
595
773
395
654
917
75
936
358
685
628
438
166
761
138
61
983
629
81
425
841
46
87
712
540
548
144
914
183
53
388
525
40
780
312
356
264
797
464
194
84
616
464
932
41
550
71
864
983
946
865
177
137
910
570
889
795
540
480
524
794
184
923
855
751
24
890
871
430
272
249
169
782
853
798
832
768
861
266
36
567
393
613
475
253
832
685
320
645
226
102
219
109
184
258
736
289
19
519
353
731
386
269
12
984
48
293
334
796
83
783
973
632
277
664
126
804
131
393
835
695
683
753
986
178
842
575
58
549
745
58
555
353
872
266
741
374
346
803
364
330
447
904
914
382
803
66
916
942
148
701
807
535
775
518
142
851
952
966
384
222
431
149
542
511
603
348
653
723
673
267
881
92
802
59
526
804
688
882
889
251
708
208
97
733
641
817
130
967
687
633
708
849
493
419
893
957
390
204
384
492
726
315
278
417
461
190
102
125
854
806
666
372
866
165
147
525
85
39
429
796
682
366
888
186
212
212
579
805
348
538
673
489
268
850
287
23
895
113
618
887
508
428
489
98
463
87
556
933
304
46
131
556
801
396
435
937
85
722
279
91
776
157
502
155
315
179
576
845
819
834
521
672
779
640
542
672
26
900
519
55
963
810
103
830
388
932
516
892
594
188
204
105
843
567
414
264
987
703
821
57
689
327
936
745
247
546
695
983
295
767
855
329
724
860
12
174
954
754
92
389
300
927
426
861
282
266
674
206
225
62
326
491
244
498
50
31
969
817
554
887
632
451
415
264
75
182
24
706
997
179
481
729
94
575
535
810
623
336
790
274
709
535
329
294
808
466
807
347
681
976
370
306
80
2
84
408
531
966
501
937
40
303
416
974
5
612
750
249
822
801
852
345
832
355
164
189
701
609
691
876
93
115
613
784
364
80
558
425
989
437
601
568
549
845
845
106
892
128
743
679
546
857
155
225
818
574
520
556
642
941
316
388
339
668
683
739
669
86
898
570
663
652
146
852
652
549
139
718
249
67
647
232
789
294
843
383
180
289
586
30
771
442
310
186
399
918
872
831
328
513
857
990
698
183
404
799
591
47
259
660
35
126
156
332
450
16
448
371
300
897
52
813
597
190
683
621
184
917
210
458
127
427
923
357
180
686
574
718
292
390
27
986
497
370
547
514
390
535
199
349
346
956
784
499
5
413
818
977
742
943
787
547
840
526
980
841
500
495
127
986
479
55
532
158
201
77
118
777
739
16
944
248
719
124
597
880
453
896
473
992
153
906
263
837
933
276
566
181
241
371
630
662
885
341
866
125
695
383
307
211
891
958
999
237
61
163
493
340
26
576
854
260
144
306
957
831
983
275
629
197
626
830
948
379
37
763
118
709
659
419
940
719
450
608
803
736
612
371
992
209
363
767
568
147
846
435
496
71
319
656
371
400
411
743
707
958
248
15
958
331
17
146
373
242
783
550
854
61
645
238
934
868
614
596
114
569
552
618
748
474
637
773
336
470
585
217
576
60
254
528
286
399
849
770
484
917
230
841
971
303
494
367
415
692
383
14
539
853
261
601
535
164
201
474
46
327
636
463
814
826
677
275
191
472
505
764
598
540
966
420
126
31
819
107
440
961
729
392
342
943
188
952
835
99
490
606
350
185
218
612
979
110
879
268
499
230
289
735
257
161
247
478
125
695
962
434
418
365
859
419
446
339
887
476
152
286
737
337
554
117
335
57
387
434
730
32
770
578
918
818
120
449
113
421
853
561
937
969
514
359
303
255
229
77
365
435
867
369
925
746
98
951
975
5
578
162
374
551
774
992
31
449
107
98
887
196
943
296
938
576
126
368
462
121
942
486
976
562
41
37
316
85
840
799
358
372
528
393
154
515
315
30
287
624
303
331
379
494
635
340
799
912
557
66
701
462
749
420
137
499
600
120
785
257
544
852
396
207
99
432
221
890
887
820
457
593
608
536
204
827
969
318
381
362
346
679
687
92
9
776
269
38
66
252
249
359
63
411
645
879
268
995
783
88
2
419
652
802
921
791
334
635
683
608
922
955
168
661
399
553
776
938
454
287
669
939
889
680
242
630
982
160
260
197
554
437
701
199
719
983
545
894
804
765
439
711
929
405
757
793
169
467
534
433
395
234
942
825
322
559
418
596
693
376
443
871
307
576
332
829
57
855
114
950
496
154
957
691
789
802
935
842
758
142
233
154
317
10
831
379
472
965
188
436
493
801
286
63
243
11
523
487
629
774
706
494
744
996
912
239
687
611
820
439
261
6
776
832
393
915
484
706
595
955
528
973
43
648
163
586
249
857
77
900
808
345
373
569
759
126
950
731
604
456
739
430
199
579
981
401
799
379
178
811
297
209
947
368
747
190
205
12
891
59
547
663
370
125
52
388
924
316
197
819
512
657
893
573
612
384
630
264
122
844
858
81
113
746
864
904
867
782
396
135
822
991
571
667
442
697
105
199
128
683
116
394
681
657
896
514
739
814
890
810
482
869
247
699
135
542
282
947
119
146
297
599
331
473
118
512
319
993
40
168
462
440
583
584
448
862
227
438
202
758
570
27
833
732
642
163
621
429
686
90
669
26
583
175
96
511
982
177
284
709
966
786
845
945
267
628
1
571
861
811
433
955
349
590
31
198
378
8
411
866
209
35
748
626
968
23
478
410
830
739
821
892
23
96
443
915
959
910
425
9
635
426
752
954
1
473
565
273
227
745
508
424
928
940
133
793
342
623
737
638
914
762
654
944
759
102
782
667
477
314
66
515
129
550
985
513
638
884
75
563
199
999
621
855
629
16
357
999
870
974
4
482
901
165
914
616
102
374
84
384
313
363
703
120
284
480
687
971
892
188
13
982
552
396
958
143
318
752
191
55
631
865
642
176
257
156
530
67
815
701
628
845
91
899
360
973
727
924
853
903
393
527
45
833
287
527
802
623
863
627
580
936
76
66
14
479
348
985
707
974
273
187
899
202
831
49
572
207
498
522
699
967
383
422
36
831
238
568
876
534
27
540
24
672
259
342
103
332
834
564
242
291
538
646
579
592
643
218
686
852
818
128
217
830
131
438
167
527
270
932
116
326
191
426
856
610
496
248
659
820
533
570
847
471
484
45
290
298
169
454
414
227
392
199
189
231
193
182
542
232
341
880
745
645
248
329
602
225
62
748
45
799
85
871
528
82
192
909
434
957
772
215
440
182
641
792
798
125
286
978
739
551
933
125
125
392
369
526
402
136
41
841
69
120
145
703
55
814
535
127
660
612
854
462
512
752
980
48
98
938
751
665
536
505
106
50
568
801
630
134
79
146
234
327
138
466
263
166
204
247
640
779
816
712
173
646
643
538
265
765
962
745
974
352
620
45
73
333
46
992
141
61
498
326
573
596
524
990
232
368
9
281
566
974
453
585
25
724
618
895
255
192
207
557
144
417
439
640
502
127
605
520
954
962
618
424
182
987
493
488
925
932
436
110
794
59
342
128
585
923
782
14
585
140
641
584
52
312
678
963
623
457
776
271
214
571
23
124
882
159
135
944
515
610
645
878
602
814
397
817
540
580
458
554
274
962
374
852
523
444
204
969
133
279
935
903
622
858
221
726
972
605
379
188
102
529
807
423
227
654
411
825
503
119
701
360
103
10
673
519
884
657
775
793
225
822
844
275
296
807
422
656
262
910
229
259
37
547
341
104
425
528
924
360
739
43
996
323
459
171
898
707
799
263
92
414
560
12
560
232
572
300
118
290
906
88
489
717
303
150
429
269
248
59
84
786
514
269
994
939
999
745
125
330
184
517
642
74
739
730
287
775
841
686
643
707
246
655
565
778
542
34
693
930
28
937
800
537
518
559
821
98
134
712
170
904
992
820
976
372
97
853
511
350
962
415
218
713
588
906
634
70
240
536
9
339
413
417
699
588
42
379
571
729
550
774
709
461
577
589
91
797
943
704
787
447
475
246
650
418
71
337
879
9
433
771
620
138
783
575
1
966
123
493
359
733
266
99
280
378
626
960
549
471
867
226
72
314
861
660
593
208
923
420
377
97
814
343
111
324
831
861
42
852
500
610
36
121
412
638
528
412
693
816
646
607
706
899
913
306
310
183
51
86
283
325
313
934
2
498
202
315
214
552
174
80
301
253
217
82
242
50
408
969
573
955
419
859
538
541
708
498
726
766
168
200
554
579
171
70
193
81
324
306
863
733
293
804
824
149
236
753
294
417
205
631
111
547
389
487
753
625
872
953
229
962
918
156
715
922
106
713
858
339
547
1
777
663
407
806
623
654
872
934
248
911
772
776
723
4
303
523
69
77
330
257
271
563
694
660
457
814
190
383
920
354
567
835
72
273
413
896
337
249
441
475
331
39
472
351
756
896
671
153
831
158
156
9
851
137
13
453
284
963
884
350
35
90
750
911
561
989
729
110
341
846
600
654
197
165
941
125
125
607
978
374
610
930
824
891
575
860
969
675
848
381
850
622
60
213
131
530
822
197
389
666
401
886
70
336
622
591
768
685
632
517
946
591
88
568
663
617
487
916
369
565
536
63
503
236
494
27
771
254
818
94
358
407
556
208
816
787
302
485
107
105
793
342
627
915
337
355
750
831
299
737
106
965
390
350
478
203
294
516
798
598
480
647
290
364
312
91
605
994
558
145
454
15
845
608
602
696
605
886
451
520
507
209
687
696
622
632
680
665
226
575
464
313
951
365
609
769
150
901
925
327
326
288
128
659
390
497
946
688
196
74
509
229
652
778
26
536
178
210
846
574
663
320
77
130
586
462
904
717
17
500
423
443
336
25
212
66
628
184
868
672
860
451
79
462
403
745
16
849
509
270
619
352
231
197
340
234
888
331
765
280
541
438
476
579
152
848
282
490
989
383
1000
710
856
762
587
259
822
182
428
854
270
360
137
257
441
569
721
295
545
679
794
5
591
462
603
552
25
891
907
314
594
434
540
111
315
299
293
344
223
175
556
102
570
821
970
262
448
933
700
773
753
55
813
399
948
393
524
95
75
25
770
71
225
650
225
309
9
854
324
309
968
612
881
642
527
208
922
200
652
952
360
982
370
176
160
637
673
159
571
162
735
40
46
268
583
825
684
452
661
422
645
432
111
645
573
954
760
240
386
411
778
613
896
71
7
953
733
998
185
528
910
211
43
433
4
961
486
758
257
879
719
878
69
846
84
800
145
200
202
619
119
511
116
76
997
852
927
672
86
418
848
120
846
439
263
661
699
428
914
893
543
145
419
177
510
108
178
24
871
314
829
527
706
111
454
188
107
697
401
480
652
950
162
716
670
755
684
986
677
492
24
260
554
243
145
149
494
875
427
671
119
629
37
150
532
44
80
277
547
864
113
956
812
497
96
83
151
247
357
320
245
614
802
803
886
375
54
755
944
292
181
669
107
506
328
464
17
129
291
360
770
180
513
350
130
379
944
105
462
740
500
969
859
878
832
157
132
238
691
827
805
762
438
576
736
757
451
213
758
395
740
965
1000
857
712
450
449
331
489
241
999
69
76
909
650
859
980
631
798
869
746
105
546
566
798
84
250
673
91
681
854
510
513
862
859
323
799
493
778
391
359
572
863
426
277
864
366
295
104
811
237
924
607
325
372
880
608
480
475
67
495
840
104
517
373
187
926
335
757
83
665
426
712
449
190
935
934
293
603
877
429
748
57
539
752
416
22
311
154
673
519
115
622
317
930
524
762
555
662
465
119
699
301
427
52
855
246
293
253
314
867
510
282
711
856
15
547
989
167
436
305
758
245
953
313
787
569
459
962
394
480
914
944
238
203
399
303
781
319
565
968
439
843
814
866
815
210
66
990
521
132
893
371
68
761
892
414
792
215
449
279
47
908
530
682
539
584
55
548
3
867
929
716
858
729
679
653
922
308
446
605
840
65
921
943
404
627
740
161
364
605
729
850
35
979
878
506
242
519
690
542
291
130
289
439
157
24
664
809
15
466
511
946
99
453
842
933
13
207
399
641
359
178
769
937
669
867
135
979
989
931
568
773
569
58
190
356
812
50
407
964
69
588
125
718
208
526
242
663
667
52
344
365
773
15
975
754
629
715
3
790
490
859
274
694
270
8
974
594
456
716
469
893
486
727
103
515
538
619
735
584
855
633
94
532
695
567
220
347
460
536
213
373
23
436
29
508
693
953
824
31
289
112
563
252
419
470
599
304
919
651
570
628
89
553
952
953
107
961
904
931
790
744
88
934
437
821
685
156
370
193
532
881
926
697
102
597
103
206
375
93
115
138
206
170
557
33
706
70
786
426
483
242
548
846
330
403
690
263
240
653
745
917
195
668
899
742
792
554
581
265
849
852
73
872
78
746
821
969
953
512
565
938
782
242
923
753
223
410
828
545
408
89
788
211
722
785
151
832
1000
856
235
770
835
691
980
578
853
832
532
235
728
842
944
469
741
985
225
238
555
704
256
116
509
197
640
738
583
548
297
158
136
516
430
393
88
405
387
334
283
730
839
360
214
583
399
216
216
80
587
716
139
293
58
481
177
903
564
195
23
8
975
452
456
203
826
587
331
373
796
207
29
253
16
143
633
577
252
855
662
916
776
84
639
7
565
123
522
181
596
230
481
195
993
847
567
392
374
131
607
572
933
617
896
234
71
227
736
405
368
466
260
265
689
30
583
449
416
181
407
479
566
666
881
699
249
515
379
252
231
413
526
130
231
653
743
631
150
806
48
823
841
