623
212
685
507
194
881
846
31
287
856
662
337
267
85
869
143
59
578
534
853
347
822
786
870
943
466
365
119
928
408
687
819
645
82
508
523
908
736
120
591
953
667
608
256
307
678
877
706
675
83
312
439
819
528
62
993
520
886
781
326
359
550
506
372
396
172
148
12
887
530
567
473
97
706
650
955
972
672
568
985
951
209
37
988
230
588
594
472
85
648
130
209
78
904
639
768
948
380
490
583
603
447
851
266
632
266
32
970
951
644
600
629
747
931
786
664
590
572
285
930
259
314
666
53
147
252
912
408
874
349
980
881
803
993
230
601
503
887
118
988
156
937
186
687
859
984
824
583
493
342
327
972
864
175
157
480
570
758
21
18
751
436
989
897
919
281
598
239
235
424
490
612
51
794
40
730
464
962
313
724
678
138
132
640
1000
337
96
187
316
641
748
314
203
21
555
819
530
388
739
534
775
449
88
555
671
94
222
52
785
692
587
851
612
761
777
651
779
365
892
297
820
510
452
650
657
972
294
25
622
749
972
499
508
722
34
870
859
368
17
247
832
121
119
7
394
737
383
883
46
472
422
776
440
48
268
364
369
542
513
829
474
975
137
541
554
833
727
699
878
537
635
158
997
818
165
269
386
132
380
249
669
607
273
926
685
316
572
811
501
114
436
480
249
673
938
136
141
815
170
135
120
842
661
577
646
137
69
633
837
693
431
523
451
368
994
823
990
248
839
598
226
26
328
196
506
822
771
49
362
375
557
699
593
905
983
312
557
825
522
916
46
709
33
742
693
374
531
56
14
596
339
387
348
141
965
351
419
640
96
219
977
662
378
509
660
852
104
294
32
99
18
95
148
535
621
675
635
433
717
876
364
808
529
379
830
514
571
595
143
324
471
393
935
754
949
700
777
300
411
789
938
561
137
881
456
662
719
535
107
414
253
631
610
351
74
563
310
858
196
507
238
55
723
505
597
767
610
440
940
581
688
132
279
993
585
378
659
349
362
195
162
255
542
951
829
778
166
773
701
912
173
666
476
3
474
773
205
950
570
685
503
858
661
958
231
802
796
135
318
713
977
750
506
599
917
468
83
820
545
948
512
186
202
950
52
287
464
79
440
3
379
379
618
180
453
702
67
179
668
29
783
714
755
818
430
305
907
432
72
84
152
293
223
464
965
308
419
372
270
459
166
233
566
256
790
943
942
571
335
477
953
917
840
252
474
215
641
944
289
569
592
621
852
868
776
742
650
814
161
202
879
886
92
438
663
492
847
478
64
351
655
157
939
38
578
902
54
393
369
747
434
976
699
740
434
474
841
866
114
306
407
776
149
98
387
450
675
133
506
374
661
81
470
949
986
187
416
986
794
140
405
990
146
448
905
522
203
765
845
527
482
42
292
378
421
846
56
407
282
660
138
838
317
304
642
200
67
689
156
694
861
566
256
918
516
536
317
837
261
994
9
182
797
55
166
461
441
827
517
802
400
181
923
137
262
389
918
132
364
680
525
43
248
74
792
342
4
391
702
943
582
520
832
923
103
321
216
353
153
19
679
725
18
14
671
960
245
150
770
972
351
44
761
470
93
535
104
127
186
871
826
814
584
842
657
473
646
179
246
396
670
867
589
161
672
451
681
781
676
36
849
866
315
914
33
61
856
653
767
535
549
32
294
110
272
746
43
805
263
483
116
39
452
87
631
492
873
281
608
603
460
355
869
585
717
527
122
559
77
418
664
811
443
988
679
681
542
636
80
125
696
555
274
976
213
766
304
537
370
601
614
889
898
307
627
716
979
634
433
474
838
306
382
19
567
526
510
773
597
638
232
350
728
414
67
830
757
806
928
48
799
286
497
87
222
273
393
884
150
158
513
958
696
485
153
988
496
66
323
135
479
894
528
459
619
358
183
55
51
687
929
349
334
43
92
601
777
869
884
502
562
110
185
340
895
706
673
979
327
177
855
283
425
667
327
677
895
718
294
851
81
148
252
801
225
301
628
80
316
192
45
234
600
496
90
405
906
505
187
849
120
286
957
164
515
163
221
1
826
58
340
303
515
509
328
494
229
89
554
768
485
123
824
424
437
525
705
135
245
78
103
734
307
990
803
362
818
66
917
68
277
850
599
468
37
104
860
804
501
627
131
89
848
416
94
820
963
728
870
112
756
452
623
86
120
265
339
804
168
825
76
686
311
690
440
475
988
682
867
54
42
914
223
134
157
101
981
980
884
281
2
612
267
495
528
135
436
260
269
557
874
364
789
772
529
347
305
616
942
212
671
825
763
908
852
776
319
83
916
456
630
94
1
749
657
899
858
811
223
154
186
790
684
44
739
933
647
406
931
516
498
838
185
518
170
104
693
785
446
571
308
864
401
405
806
540
123
834
829
145
76
42
501
295
26
476
497
323
946
571
729
444
905
988
57
566
415
27
898
926
946
151
637
109
373
668
903
600
634
751
483
430
17
738
565
740
150
493
499
372
383
922
78
848
607
136
436
795
731
409
958
813
66
628
540
17
708
756
956
155
465
460
506
130
290
416
65
748
442
473
740
611
805
999
1000
870
536
477
2
171
868
440
849
96
8
820
884
140
538
98
518
905
390
159
690
316
528
317
309
993
490
332
685
651
582
363
224
575
807
351
43
259
843
722
768
655
375
860
696
23
92
479
472
617
905
900
938
763
357
216
964
158
296
169
766
164
51
267
725
555
751
579
771
404
938
928
346
601
681
234
981
114
242
753
919
998
280
63
888
5
98
450
773
12
487
12
112
641
725
898
83
749
984
980
726
949
872
717
674
13
428
745
894
769
431
489
208
833
473
381
320
167
605
487
679
378
838
97
407
446
275
266
769
803
271
108
91
362
767
380
473
121
329
363
71
297
809
782
509
732
398
275
187
86
887
978
321
955
475
592
353
900
83
474
703
927
733
400
502
888
499
20
658
823
322
504
147
79
526
201
230
865
609
408
940
135
673
434
484
454
279
233
272
829
58
838
578
374
432
866
896
990
66
276
514
175
337
447
733
128
998
161
883
937
45
124
721
307
303
367
413
76
484
537
734
531
148
372
602
265
872
931
678
165
661
56
511
408
811
911
706
887
75
28
829
709
321
780
662
118
483
624
721
174
554
384
739
681
119
639
981
61
869
701
227
396
876
331
564
571
376
932
839
437
427
847
456
807
896
124
312
979
888
921
929
546
617
958
943
304
467
688
370
533
416
576
788
863
519
202
37
660
425
286
64
223
317
732
787
51
928
672
986
428
524
821
964
302
977
327
958
956
690
115
478
102
981
784
922
469
200
414
272
900
729
125
940
371
688
588
101
576
132
547
277
8
641
637
567
556
992
501
633
401
832
972
887
103
92
891
996
747
996
872
837
740
171
185
203
350
998
560
686
611
832
901
988
738
162
873
517
681
484
527
849
462
510
148
31
334
374
603
519
836
626
814
113
396
138
793
357
969
233
694
496
266
806
970
736
234
146
954
774
131
600
369
907
120
355
274
22
67
477
877
733
14
668
681
792
904
997
478
783
298
584
738
907
554
741
392
655
728
568
841
78
992
968
776
961
509
239
974
531
525
224
238
489
744
290
48
7
800
458
333
384
240
487
203
606
645
64
175
71
343
147
619
635
572
40
639
1
640
787
146
968
424
813
835
774
765
782
355
666
920
762
509
879
782
923
643
170
368
297
341
350
893
879
850
862
96
253
745
241
626
560
882
864
939
46
685
717
402
918
6
494
682
319
317
452
777
968
168
44
431
329
844
681
578
238
340
539
474
551
670
465
615
671
791
493
127
499
87
593
401
473
38
157
168
890
923
176
966
622
600
41
522
884
216
225
698
268
712
13
392
727
331
923
968
591
494
674
78
771
552
719
532
594
721
219
829
61
652
939
679
812
224
43
389
772
519
557
482
934
816
747
483
608
451
877
601
389
837
479
912
605
659
867
90
756
568
884
945
421
411
562
598
468
249
556
710
234
43
194
862
343
91
359
427
998
348
117
305
109
257
384
466
54
17
308
405
232
230
733
691
303
369
174
474
527
399
848
164
140
571
351
190
498
823
105
662
474
639
388
404
949
175
291
778
15
189
851
520
996
677
234
777
743
392
542
652
981
85
645
918
430
284
326
216
349
438
757
408
494
55
299
655
166
307
319
366
785
822
869
86
881
514
944
106
854
470
253
170
553
596
975
386
795
200
326
331
733
832
927
902
328
419
355
786
988
876
720
494
135
1000
964
293
805
223
767
566
353
241
237
17
880
378
348
696
420
675
793
68
857
735
456
881
824
707
639
41
274
415
778
478
229
832
638
63
779
475
585
65
319
393
191
351
299
789
4
768
362
900
715
208
495
159
904
106
77
491
770
877
340
311
658
692
586
533
397
507
422
388
622
112
339
825
907
283
765
369
634
335
563
926
916
144
499
207
717
631
849
993
833
145
442
495
905
112
278
882
194
239
558
362
356
198
1
657
519
232
124
468
386
113
206
355
600
488
547
883
439
247
574
274
938
497
778
542
66
202
373
720
13
957
813
611
91
454
975
928
565
885
724
834
119
574
94
71
303
624
418
908
957
754
164
767
236
281
336
726
53
232
931
735
618
30
317
684
650
803
109
871
390
593
971
329
501
979
70
350
172
935
103
827
342
410
591
202
944
389
452
152
669
172
350
519
470
756
691
200
969
55
352
962
177
396
983
102
307
54
928
591
461
962
839
890
728
712
728
545
406
779
677
60
163
906
38
754
553
442
175
682
514
408
621
693
880
693
117
102
977
225
421
665
639
149
710
24
873
149
28
833
25
963
322
889
348
234
590
839
386
751
806
337
831
244
661
283
178
71
383
199
115
595
382
752
494
392
677
443
892
834
880
830
994
436
398
613
615
208
281
968
582
994
639
574
783
173
427
149
459
680
405
879
81
74
852
357
140
279
748
531
966
210
987
851
300
745
885
334
967
570
104
37
90
647
635
432
657
855
261
757
57
289
33
738
434
916
817
623
282
674
392
314
575
280
642
715
572
491
529
510
107
899
401
568
540
532
248
121
449
210
82
393
145
649
920
137
884
29
650
631
574
76
830
172
364
544
463
931
298
461
269
801
865
666
129
339
324
873
950
803
169
487
415
346
401
973
552
823
418
451
873
234
96
125
767
935
879
441
653
137
981
710
605
242
354
512
548
740
554
81
843
442
84
896
142
21
852
573
591
72
897
710
319
582
56
459
360
574
379
619
874
298
28
103
38
234
727
923
129
688
112
145
961
382
864
502
72
9
606
859
484
737
72
478
670
169
268
246
439
198
76
68
973
656
383
287
349
484
698
258
106
719
573
25
520
290
739
256
86
207
484
519
663
763
57
258
513
456
800
956
897
378
423
914
128
817
15
74
84
107
908
483
577
784
603
558
224
101
585
293
956
747
455
266
575
772
656
217
742
25
664
141
441
845
787
369
316
919
952
150
639
879
474
46
766
388
490
226
6
912
477
919
714
750
76
165
437
634
638
944
848
657
386
339
816
802
532
122
414
634
554
980
933
790
424
109
558
922
372
197
873
18
533
225
167
581
546
562
890
943
540
651
905
72
968
43
789
397
628
547
814
428
621
199
443
499
468
776
381
714
996
540
882
956
112
230
565
35
982
804
826
556
306
933
344
428
3
323
257
796
877
927
570
154
13
841
603
562
129
951
876
533
974
957
950
8
363
458
646
857
8
526
148
144
998
727
560
153
399
799
503
226
815
535
863
457
418
57
625
67
439
112
119
692
783
928
735
653
434
113
623
854
158
727
51
636
59
709
657
4
130
399
656
779
654
205
919
37
783
133
967
200
114
881
120
71
441
822
961
502
896
247
799
114
299
730
305
324
140
150
492
366
967
387
451
341
783
624
428
183
929
277
46
547
853
149
249
524
876
819
289
251
599
599
179
448
294
367
499
139
942
73
659
136
746
673
814
265
617
155
689
645
270
278
699
143
877
31
971
869
511
826
539
86
702
738
552
205
558
553
142
263
177
196
264
200
8
691
308
691
278
943
854
139
716
371
987
873
913
737
557
410
296
719
865
860
197
115
375
118
345
582
261
500
241
894
13
913
391
136
201
413
405
67
633
902
887
558
493
731
717
239
754
685
297
741
512
168
543
8
898
765
142
519
338
243
152
239
20
933
302
208
828
63
759
876
681
107
408
760
6
211
56
645
187
114
178
783
277
141
674
705
327
927
721
574
976
332
418
543
819
330
833
818
847
441
526
327
234
790
501
885
318
663
575
713
334
257
377
569
574
102
609
558
974
934
979
694
677
168
868
784
629
958
580
860
821
437
273
538
340
182
185
832
220
808
724
444
65
706
145
672
586
659
137
345
137
146
10
67
652
685
361
898
912
309
262
103
120
382
24
306
208
995
954
480
74
312
337
385
2
839
533
705
747
692
972
303
627
200
807
615
41
518
779
382
370
354
402
1000
529
256
717
482
891
631
743
41
246
876
15
189
242
336
84
960
874
391
126
948
314
829
573
318
462
566
762
107
421
291
746
691
528
610
268
449
834
185
274
603
923
814
337
87
10
523
655
838
280
500
40
67
593
420
543
488
357
705
682
898
765
617
306
107
75
381
852
439
164
777
808
973
894
269
680
683
945
159
354
56
729
749
453
981
900
66
474
875
276
969
113
781
313
468
640
317
807
108
429
868
955
785
462
868
801
265
728
762
818
419
667
709
996
873
560
224
8
551
379
275
204
704
825
87
720
414
155
210
699
359
360
34
122
252
805
599
860
576
998
872
647
136
365
96
694
122
299
587
295
469
552
576
957
790
729
755
628
826
353
219
196
148
725
311
227
321
813
400
710
929
327
727
735
380
287
470
823
839
385
595
938
623
111
40
55
122
16
919
348
54
696
391
766
373
40
604
546
106
661
639
527
290
115
327
305
403
693
598
550
128
398
778
698
65
26
520
98
810
595
300
256
826
149
67
423
158
455
818
101
224
770
371
3
62
176
100
776
411
42
981
507
864
765
935
595
648
993
88
791
979
100
906
759
773
73
157
349
234
538
270
719
561
886
412
913
237
665
552
945
662
713
702
854
634
792
585
950
739
817
118
972
896
954
683
576
555
54
194
55
184
28
464
436
980
124
511
560
790
597
141
900
329
937
605
453
256
663
156
350
490
109
416
873
976
214
682
876
470
149
33
701
735
769
603
502
446
452
929
325
288
509
775
249
728
4
200
909
910
797
100
97
862
261
330
510
320
470
237
866
8
512
558
722
296
829
83
273
410
482
895
188
495
56
178
382
971
94
510
144
241
860
264
94
428
890
836
459
105
789
450
642
965
745
406
103
382
875
350
997
881
39
934
954
753
262
404
800
727
942
793
365
372
731
5
15
193
376
995
218
346
456
93
691
829
336
920
167
525
306
576
217
696
445
332
579
879
942
573
798
69
625
491
9
507
225
149
443
897
665
922
980
852
136
303
131
661
696
206
34
674
884
565
951
228
556
36
701
725
552
727
802
174
123
61
112
202
955
922
903
535
537
546
448
164
674
93
519
122
879
659
213
930
777
88
150
873
525
109
728
552
714
44
292
347
110
838
276
450
566
708
290
445
542
179
893
489
408
89
869
635
731
935
83
499
671
595
537
180
626
677
547
865
259
639
880
688
952
713
136
482
572
626
821
871
95
357
36
732
438
605
318
905
569
198
782
398
605
470
461
437
932
290
425
169
256
202
996
773
513
716
138
943
395
318
98
100
350
112
348
589
945
405
933
554
408
616
188
206
661
755
767
469
905
192
456
575
342
750
85
291
206
717
209
671
569
282
998
75
22
815
689
654
13
756
94
666
152
992
396
195
630
182
46
848
416
498
506
293
884
952
656
590
986
431
743
548
510
175
309
664
663
511
414
168
897
222
537
979
100
609
9
418
210
881
541
347
104
889
48
438
58
115
446
201
942
447
173
841
299
75
827
901
691
113
685
117
360
548
767
233
746
915
73
941
591
955
681
603
629
975
431
304
804
116
956
132
460
173
316
318
23
685
608
440
277
40
563
239
745
732
257
42
844
793
585
593
923
213
372
447
399
718
99
645
254
869
907
827
869
180
185
442
160
56
983
993
922
438
417
375
897
692
10
522
631
742
942
393
119
734
385
329
108
282
809
764
210
421
14
578
166
724
144
856
771
86
439
938
514
428
232
746
235
32
806
861
131
981
316
2
447
241
86
674
312
914
17
431
656
206
511
614
635
142
625
887
269
794
948
362
218
619
203
572
517
761
436
890
972
930
5
950
107
961
791
45
812
227
435
111
959
598
990
192
337
744
625
98
512
515
171
168
620
945
68
768
826
11
158
36
552
174
298
508
870
40
355
885
79
824
637
384
440
964
983
702
665
338
349
948
988
929
802
351
968
806
346
267
171
992
134
982
902
346
929
846
7
905
384
479
608
772
937
913
709
169
945
348
688
473
963
408
342
887
412
749
65
120
707
965
215
486
539
453
839
719
69
320
138
326
446
985
998
895
947
859
416
303
369
696
960
596
152
121
699
931
973
311
927
835
113
949
636
391
232
348
345
879
954
52
364
335
420
607
246
473
874
524
584
689
416
52
682
292
718
958
652
242
551
499
565
481
4
368
231
20
461
768
421
224
883
173
268
848
640
641
375
275
362
32
144
986
119
881
444
925
841
148
223
482
92
941
22
664
546
321
137
802
585
339
169
649
219
533
59
830
491
388
847
843
392
468
469
948
457
742
193
311
941
867
563
602
91
705
356
539
862
637
169
158
624
693
711
799
732
955
438
958
243
565
968
328
611
103
66
748
804
871
411
808
79
729
904
221
158
309
367
674
460
776
683
136
129
859
551
434
305
241
238
194
807
857
765
687
287
386
396
515
672
968
938
736
987
537
490
753
220
91
290
865
505
990
295
870
250
612
240
113
570
338
68
536
149
204
680
102
4
602
864
678
681
269
953
562
689
145
431
613
303
395
973
436
505
106
74
242
503
939
698
677
613
875
524
334
560
719
632
459
100
112
100
553
415
600
78
544
430
363
311
718
58
866
751
359
951
862
645
811
147
962
167
127
158
89
463
277
264
886
897
164
372
714
759
549
346
257
744
273
312
353
493
528
6
691
251
420
350
46
837
588
848
390
216
838
684
453
384
589
596
140
137
115
749
802
835
796
437
45
891
799
405
791
103
17
559
477
974
735
163
896
104
434
760
440
333
642
691
560
883
923
373
454
992
355
855
497
989
41
364
437
98
365
386
933
320
194
196
926
725
7
497
431
903
701
100
424
458
49
480
774
89
746
658
29
940
11
791
80
200
40
682
126
990
571
420
445
701
15
158
804
907
265
801
261
763
422
302
31
309
46
148
327
369
555
763
51
901
94
809
353
723
350
416
434
345
651
158
320
212
456
281
105
445
538
263
237
279
25
597
932
752
549
249
654
200
278
687
455
855
806
778
680
847
305
625
273
232
936
477
13
591
780
996
260
368
51
458
868
145
10
712
652
270
286
639
986
221
955
164
112
119
962
404
208
962
454
162
946
953
570
375
729
418
715
710
878
272
737
568
1
240
758
77
172
744
469
433
496
930
423
85
98
337
338
787
214
457
552
281
954
265
587
198
785
310
526
391
928
795
920
570
995
275
335
777
130
95
190
520
39
784
519
182
254
59
687
271
399
635
609
844
31
618
474
905
894
216
202
780
596
758
957
179
132
291
193
1000
597
945
708
244
875
597
624
980
758
621
703
116
571
250
624
477
604
621
187
788
602
907
644
596
741
49
374
179
683
253
833
352
77
709
370
225
873
874
694
652
874
981
875
61
507
622
93
344
702
883
648
923
192
13
998
744
820
878
643
916
500
629
596
662
713
140
741
570
691
177
760
201
143
9
853
518
194
188
301
890
61
130
171
897
752
366
311
592
802
956
952
894
55
32
424
189
214
326
229
3
661
796
671
487
997
305
760
686
402
463
727
506
656
178
412
712
27
465
64
492
593
568
401
905
693
992
799
192
568
824
879
369
106
656
414
18
693
944
893
990
861
855
167
96
4
860
646
45
689
428
289
121
75
309
638
805
185
415
625
742
734
878
488
952
789
397
528
567
411
808
411
671
597
478
582
377
365
375
214
809
397
395
552
685
591
579
870
712
412
424
225
809
440
538
563
931
885
275
734
653
144
769
859
553
505
756
431
593
238
785
69
528
922
484
638
449
284
434
30
28
109
818
230
475
678
30
532
485
952
889
502
808
839
81
293
680
702
573
216
390
61
83
454
539
725
993
316
369
740
821
650
309
995
127
614
729
768
79
742
696
45
486
108
402
176
73
882
714
907
18
181
852
90
414
205
282
524
633
156
589
302
180
446
845
841
458
242
207
340
462
596
258
368
415
265
103
644
502
425
118
565
10
128
60
898
938
816
824
999
710
721
207
320
783
538
51
776
688
925
840
738
337
563
777
67
489
108
40
344
689
114
360
209
424
127
84
665
928
634
7
201
374
402
654
453
120
687
831
314
277
765
193
476
617
818
50
156
527
135
414
378
979
266
312
527
547
771
772
30
663
49
269
574
479
940
521
486
271
891
971
191
387
868
575
337
461
877
64
774
283
594
238
151
621
157
593
255
776
290
86
961
557
842
611
599
997
633
978
459
586
820
725
51
488
441
905
29
762
861
697
518
98
148
31
958
791
420
217
29
829
844
696
385
956
153
125
450
456
213
488
532
48
287
991
94
854
581
280
421
820
999
300
75
821
576
176
95
762
290
116
773
411
834
381
673
724
947
886
819
204
839
306
233
753
115
786
594
989
855
28
703
784
666
244
216
363
208
1000
376
949
478
509
248
66
42
237
548
404
687
317
10
954
443
789
434
552
476
736
582
270
80
912
88
591
533
379
844
301
272
360
304
824
701
535
143
47
811
434
837
69
934
2
370
577
726
215
383
510
489
464
524
351
166
951
18
834
934
95
830
95
686
189
183
700
176
770
986
63
784
411
634
377
401
681
540
707
144
806
90
340
865
533
86
979
554
460
674
318
185
610
807
842
164
386
989
30
80
956
175
672
859
585
320
752
599
195
986
625
442
882
10
32
231
777
781
665
393
854
172
846
686
929
892
19
374
267
16
647
666
670
526
27
237
645
378
633
168
229
670
78
496
900
96
288
550
86
218
415
749
908
39
153
164
783
435
61
303
995
13
895
437
730
657
206
370
744
359
863
649
870
817
66
994
848
663
384
798
782
165
120
835
775
855
881
965
181
84
776
345
153
541
913
725
507
324
75
605
288
614
871
125
759
485
25
683
711
290
672
543
91
302
34
488
999
318
261
101
116
810
867
358
703
356
285
765
828
759
896
423
283
449
925
763
338
82
650
106
531
918
738
302
671
738
809
311
699
228
54
464
121
466
5
626
305
730
725
297
420
238
216
823
552
298
54
1000
571
571
861
474
195
373
777
704
305
101
189
170
871
252
898
761
244
634
644
71
617
994
649
497
264
809
217
153
879
248
220
472
11
786
348
723
97
362
624
778
453
864
728
966
824
196
18
736
605
647
905
472
453
724
990
993
554
145
924
868
620
452
129
642
217
789
887
120
827
776
974
232
43
364
170
73
859
320
832
109
910
339
593
961
82
268
879
697
976
891
969
523
598
977
947
117
32
636
203
675
278
882
974
695
421
187
952
499
48
166
388
417
609
421
147
410
146
32
60
400
980
874
880
912
472
48
792
179
353
336
34
134
257
915
937
575
897
468
752
48
157
766
168
504
615
936
520
140
150
243
765
401
136
574
152
505
181
335
565
594
595
908
690
108
955
381
472
178
326
66
826
670
936
836
381
715
870
175
954
294
723
494
209
402
705
539
88
282
766
946
385
242
89
723
463
84
802
99
421
449
371
749
23
459
944
409
361
173
532
518
530
286
697
68
306
125
995
391
118
948
769
154
344
324
175
228
981
804
325
790
480
518
842
211
176
1000
27
845
163
22
591
361
910
551
589
226
406
62
688
393
858
360
777
597
376
770
193
954
638
797
830
847
766
876
515
691
131
482
98
897
398
385
70
656
179
410
960
778
329
325
123
401
744
268
530
334
519
316
732
805
11
344
340
208
403
890
668
680
299
674
249
753
69
25
737
544
803
825
176
55
589
706
243
897
958
708
110
27
852
139
619
613
282
103
571
961
97
217
824
302
167
444
214
129
752
103
532
255
464
259
240
829
132
531
979
322
129
339
416
477
352
153
866
763
833
632
77
546
465
120
152
294
264
136
824
791
937
133
773
729
92
54
599
203
678
692
122
790
419
993
12
836
603
125
208
934
357
679
903
737
387
340
726
883
963
999
377
388
832
827
220
743
765
829
729
242
565
470
897
716
510
700
261
861
540
976
458
835
524
653
915
597
341
76
681
996
17
988
377
792
259
527
34
782
127
480
816
691
92
944
903
427
368
413
959
734
715
13
877
731
942
435
602
316
936
693
526
641
915
659
866
944
970
579
854
796
290
713
745
815
134
103
439
560
923
107
731
394
773
721
962
690
566
695
823
114
892
895
279
179
535
55
79
243
839
429
815
471
467
258
167
539
669
111
391
424
67
334
603
851
610
185
481
105
782
906
103
732
452
896
422
523
910
118
826
303
592
276
663
495
89
870
459
797
45
628
686
664
923
554
793
563
93
422
900
55
434
565
444
108
694
481
734
161
606
586
869
76
799
70
605
461
484
232
785
103
309
943
471
732
627
520
334
108
471
88
99
451
109
322
957
882
992
706
776
782
251
293
88
128
693
195
741
132
756
316
138
934
64
473
890
200
538
16
60
349
205
343
379
58
332
682
417
485
928
475
451
258
354
547
710
740
856
994
643
402
274
169
7
503
674
790
638
983
356
635
438
744
1
714
180
811
789
273
275
490
706
239
732
203
795
328
237
921
414
828
821
694
858
920
679
518
136
854
951
25
38
772
983
879
611
775
798
882
51
917
203
980
580
926
12
783
347
202
32
952
144
458
963
309
992
168
845
131
505
638
912
60
598
894
363
933
312
266
493
911
561
797
82
567
17
42
786
114
78
670
214
963
234
600
465
183
841
222
846
476
793
742
765
868
215
496
779
224
716
724
143
674
929
925
827
948
731
465
62
243
402
580
417
913
717
93
908
216
27
491
13
514
231
43
226
707
606
323
936
542
639
679
853
566
665
998
317
745
306
40
571
347
549
993
573
947
556
392
661
363
996
37
749
522
920
624
197
449
407
398
177
468
660
189
572
349
140
190
871
36
800
866
964
391
119
801
648
116
394
266
154
98
758
251
121
153
828
865
372
599
757
2
861
820
31
548
735
265
372
672
815
517
483
930
441
589
87
720
765
897
636
938
261
489
767
84
732
321
634
611
96
634
332
861
992
59
128
746
62
64
477
111
891
997
788
849
733
762
870
651
832
984
109
276
512
282
287
409
650
9
80
982
9
531
467
303
377
833
992
195
684
954
600
873
822
816
226
824
318
271
861
900
765
63
620
905
839
62
651
12
844
251
408
807
507
292
90
788
320
401
65
355
406
746
601
1
588
582
662
929
52
950
320
2
465
905
646
327
872
920
367
275
337
77
421
509
315
423
595
675
125
992
115
714
171
193
416
344
911
236
