996
265
343
584
23
914
755
928
89
541
943
293
197
156
614
883
309
881
860
188
336
45
302
660
517
957
882
432
814
500
967
289
636
160
711
364
1000
538
513
771
967
147
985
125
299
247
883
931
480
498
255
770
86
290
689
208
237
99
278
31
561
464
987
260
755
97
811
478
301
311
889
501
242
738
90
468
233
903
971
775
890
146
316
75
232
251
607
264
545
101
9
246
254
229
563
514
58
82
971
186
420
30
218
590
129
961
243
273
968
3
262
468
602
716
673
599
647
414
676
349
833
406
917
912
915
300
842
640
1000
531
18
451
615
57
36
34
1
733
594
887
322
468
424
916
686
228
482
990
64
840
11
237
51
428
578
625
538
36
651
353
892
638
1000
300
939
166
882
594
847
853
684
76
274
601
916
671
66
177
259
191
73
232
597
182
838
226
780
995
888
117
326
818
397
725
61
610
105
168
510
607
260
858
427
411
565
373
930
568
995
293
558
389
393
528
996
185
490
531
483
88
598
944
906
518
60
63
784
828
78
715
552
468
228
111
40
83
860
169
7
859
628
835
387
373
38
380
265
454
235
682
403
516
627
317
59
363
510
348
74
418
715
902
649
983
559
190
250
6
809
162
198
357
253
728
415
665
374
619
263
597
948
15
964
326
487
678
24
790
531
1
13
17
447
454
641
759
907
961
905
64
256
118
436
104
782
503
791
585
174
308
352
709
863
943
38
428
67
980
1
536
51
858
761
245
64
434
947
129
949
603
350
199
301
884
713
669
721
676
67
254
217
647
104
541
132
945
648
357
706
230
923
534
331
353
369
694
955
966
261
800
971
793
537
646
262
978
347
667
884
994
716
1000
720
694
485
644
5
885
135
357
397
744
283
283
929
862
157
697
425
830
319
429
830
52
989
517
640
272
132
475
564
634
24
602
833
1000
733
308
661
947
542
191
191
141
796
136
733
352
409
640
691
268
162
96
973
295
216
566
305
704
51
630
258
360
297
529
161
94
636
503
880
948
389
99
479
723
909
605
47
974
775
862
147
64
394
506
916
100
120
434
555
32
263
743
437
746
777
900
299
712
707
168
827
648
781
402
468
865
996
404
886
795
491
499
416
962
976
952
125
264
133
854
74
925
795
838
163
1000
845
363
789
888
357
861
798
451
803
153
676
757
375
75
527
45
793
405
406
537
787
391
759
766
713
46
63
764
414
895
174
355
844
509
174
909
150
43
204
485
262
947
565
473
199
978
960
56
262
769
43
429
718
75
797
69
640
469
661
126
946
354
48
452
450
339
939
657
293
62
664
58
763
128
828
391
182
565
968
119
900
620
43
115
127
124
434
285
232
50
998
501
980
437
605
599
818
626
461
830
587
842
388
432
223
495
413
929
411
435
127
822
450
269
638
92
250
497
568
457
19
384
502
14
326
947
186
390
950
690
354
386
536
262
629
469
717
992
506
21
246
320
332
25
316
440
819
104
556
387
221
831
39
588
422
381
917
90
288
490
592
207
737
646
859
379
890
507
956
67
785
407
176
504
245
797
272
673
370
283
549
966
750
815
428
981
932
800
775
963
365
591
870
605
864
529
201
39
914
806
427
275
731
760
170
279
208
14
48
916
326
420
16
178
594
305
218
143
652
809
718
269
510
680
429
955
137
725
801
24
552
171
888
669
949
294
257
721
270
16
533
271
312
989
989
783
176
786
188
46
986
71
782
684
348
269
87
195
394
707
755
226
409
113
64
798
803
746
357
131
786
431
785
178
681
234
256
924
306
532
747
713
606
516
777
947
625
666
711
144
583
740
541
183
683
144
207
977
826
581
291
229
587
909
295
14
234
861
549
82
844
142
471
481
727
633
654
657
175
492
340
495
477
840
656
723
727
756
120
572
110
23
244
337
363
812
597
595
761
541
154
37
761
819
590
71
103
207
329
618
323
185
999
203
47
281
658
185
256
506
375
841
938
906
422
154
70
540
475
539
349
157
644
367
877
581
730
125
400
980
455
320
756
16
691
847
32
392
43
851
773
432
459
146
72
416
565
729
55
583
386
550
528
973
544
265
192
969
341
639
460
504
242
858
891
39
916
543
160
164
211
55
524
91
506
865
579
818
980
646
657
983
23
210
5
663
117
659
322
280
617
527
551
527
443
209
131
65
128
130
638
667
469
384
765
135
913
992
960
498
917
188
795
709
844
57
388
483
482
74
674
858
39
137
416
660
881
70
674
507
45
774
823
1000
37
887
431
742
859
602
808
852
507
971
174
495
702
836
518
851
418
71
396
627
805
339
193
557
420
323
930
81
103
498
586
365
94
327
204
477
296
932
834
220
82
594
240
793
793
272
738
319
106
409
760
923
48
604
104
996
24
983
13
513
867
184
446
159
161
97
240
963
159
467
74
603
300
966
364
499
471
694
803
931
996
957
730
18
6
402
361
213
242
192
645
858
237
475
996
226
576
505
161
268
208
329
693
285
320
475
736
152
940
545
283
240
518
657
465
428
56
687
237
120
968
78
544
301
462
275
340
364
523
657
128
904
480
377
37
265
709
350
348
174
351
704
823
86
935
442
833
472
508
33
579
664
782
201
862
8
290
312
892
113
940
954
112
755
642
566
758
508
878
314
978
65
123
752
960
441
777
656
996
289
568
973
582
311
579
556
284
123
360
555
395
687
364
921
365
881
224
553
882
208
710
760
188
555
367
869
384
2
772
532
114
722
380
888
27
43
952
814
387
269
872
191
820
908
491
525
697
758
30
786
59
396
679
934
151
859
934
794
625
74
232
168
172
503
367
315
192
78
434
722
821
908
68
470
972
4
350
403
769
554
769
894
897
114
424
273
521
1
472
487
929
97
34
326
680
845
695
540
958
122
608
736
300
621
138
489
706
734
92
109
469
137
254
576
195
913
498
988
988
590
579
438
804
483
15
65
562
227
59
278
718
969
723
314
964
767
792
259
713
365
393
418
258
149
580
541
340
395
970
272
495
25
839
932
109
855
829
884
793
861
416
444
167
873
394
983
427
812
29
381
761
978
582
172
744
405
469
908
662
645
912
62
105
198
708
953
479
923
908
867
35
347
3
607
957
194
94
112
153
146
654
699
459
54
999
422
96
702
133
78
661
667
870
628
414
310
223
390
302
604
381
220
478
481
450
63
366
339
967
480
841
23
114
459
371
968
360
669
675
269
41
953
479
543
798
36
505
446
97
22
145
836
845
41
592
545
556
473
460
632
48
499
475
127
511
58
619
286
984
371
940
180
998
289
46
119
168
299
886
317
881
679
1
717
858
558
320
148
764
461
100
973
862
789
173
555
100
919
568
814
931
695
808
499
941
602
191
675
769
846
752
88
666
759
80
297
846
73
531
340
956
253
392
150
942
837
730
131
711
276
367
772
688
155
891
838
461
563
456
679
580
279
808
95
185
515
996
929
61
655
443
799
480
805
313
894
412
299
144
77
953
921
994
404
201
545
320
339
428
306
394
223
713
666
696
524
26
753
289
730
729
597
809
619
104
382
682
154
890
667
783
76
904
378
660
418
148
24
736
597
170
443
459
285
88
63
218
492
90
747
1
21
857
430
490
646
108
637
885
192
245
965
271
981
757
113
993
777
283
231
803
144
872
931
208
347
442
811
914
119
659
502
297
633
910
706
753
556
913
995
731
785
725
584
581
917
999
390
336
999
244
464
3
852
521
776
695
749
903
933
594
932
488
359
575
516
814
647
343
564
450
751
643
772
808
855
897
633
119
474
343
42
278
945
415
527
172
494
682
397
956
664
530
217
284
767
565
727
889
468
468
424
541
106
277
17
751
226
913
207
729
144
78
631
520
629
785
660
551
394
244
770
453
396
987
501
853
42
949
343
941
115
964
968
28
649
907
681
677
820
768
779
272
421
674
651
529
623
210
289
147
343
355
469
866
783
670
146
832
323
179
208
147
577
901
223
774
895
493
378
954
962
588
223
192
32
638
898
53
222
97
440
390
832
33
417
283
393
566
37
171
334
303
963
704
16
353
173
394
808
812
233
118
432
775
726
381
54
893
668
532
919
891
324
761
340
167
565
163
417
85
851
954
782
882
521
59
153
943
660
171
581
658
876
894
497
462
999
88
925
619
107
269
321
599
435
807
316
368
839
322
633
301
864
473
112
442
368
154
478
650
822
494
894
140
431
900
105
103
391
726
639
916
58
869
10
436
571
995
121
816
843
373
196
99
261
416
746
311
389
205
41
121
983
790
849
53
250
215
288
95
587
639
176
797
352
7
674
592
199
308
66
563
504
30
706
468
708
884
383
628
517
220
168
723
637
679
576
888
59
441
352
571
855
125
827
517
453
867
379
647
995
127
606
269
327
251
501
144
169
438
546
693
275
951
564
727
614
774
469
874
732
162
321
72
746
26
600
856
357
429
112
298
752
321
204
781
698
193
678
592
925
670
972
13
631
640
548
817
37
299
788
669
152
332
437
345
919
622
270
198
611
200
261
53
857
966
755
510
316
659
978
163
125
327
641
439
882
682
892
334
580
741
21
954
872
341
913
832
814
740
172
344
108
103
923
151
54
282
376
743
77
926
271
824
621
998
936
939
136
825
156
560
613
546
200
562
59
84
820
796
77
691
817
594
107
384
321
292
226
553
874
695
38
640
959
394
127
515
969
684
666
125
246
597
78
749
248
680
149
130
149
516
244
919
787
506
45
391
539
619
198
222
481
417
91
379
126
272
864
143
821
125
324
270
518
80
961
51
988
566
428
967
259
789
149
955
841
319
842
387
317
667
689
270
789
188
326
798
716
202
129
934
578
297
487
830
119
6
565
323
441
223
942
359
706
258
37
779
88
319
72
101
246
19
5
679
707
372
238
389
259
24
42
774
874
485
554
789
334
958
601
266
426
729
873
387
722
671
712
697
915
315
350
390
332
57
4
962
395
891
421
300
398
710
754
453
217
339
611
982
158
308
605
172
418
283
72
209
167
891
650
571
501
185
240
672
367
827
967
484
81
212
483
44
595
4
929
870
472
525
886
832
208
538
574
858
481
69
915
793
765
370
385
599
711
976
384
414
323
745
883
34
787
48
360
127
236
601
943
260
779
818
666
173
430
925
400
766
458
853
470
678
580
349
774
637
460
235
270
783
368
985
501
979
12
597
546
121
442
462
943
836
650
446
500
810
434
145
117
386
29
381
246
840
414
634
402
823
320
688
426
387
650
704
36
936
106
3
887
780
649
469
208
409
538
924
319
810
963
802
229
836
334
238
87
383
351
203
259
463
743
432
270
353
589
858
826
167
509
763
820
498
486
737
446
42
141
902
340
828
129
74
845
803
311
51
196
643
693
942
802
398
486
336
178
327
97
828
883
702
727
148
285
554
605
902
177
137
52
707
540
946
385
287
390
951
261
81
873
743
301
757
6
968
38
867
358
204
421
98
312
237
183
766
711
469
288
153
927
914
122
511
837
815
518
347
628
704
427
490
94
726
490
870
641
192
244
548
778
486
848
740
831
993
274
292
440
698
620
299
523
624
912
136
766
421
410
423
641
489
684
289
688
834
846
174
489
966
957
694
118
249
891
637
315
851
977
767
764
194
455
487
506
727
124
531
12
581
545
693
743
66
590
409
61
455
672
69
177
793
505
769
511
757
154
247
76
854
74
40
623
663
360
773
773
31
706
39
159
460
350
298
247
12
904
518
792
808
822
819
495
556
468
240
996
252
384
261
770
216
124
143
652
819
113
818
697
241
403
336
942
781
80
687
158
671
955
62
365
616
964
587
309
231
653
959
640
110
255
943
864
949
771
469
394
603
566
831
516
540
640
811
971
176
429
723
369
677
572
743
317
356
93
516
853
135
957
90
282
329
819
351
816
200
206
83
508
680
286
412
236
736
43
288
952
442
554
204
800
818
417
392
288
318
128
756
524
291
96
771
43
44
743
980
580
754
224
224
715
886
422
571
770
629
523
811
833
537
673
690
159
156
687
313
388
88
298
963
749
834
257
540
504
224
375
224
842
776
935
575
217
432
571
379
823
520
63
313
352
631
368
83
506
479
319
242
440
831
389
283
99
218
297
698
168
917
155
294
788
814
817
81
858
839
436
218
363
261
234
29
82
609
525
760
609
115
324
79
396
467
556
874
333
405
806
727
935
493
481
705
634
639
478
753
492
613
690
978
161
744
836
976
81
137
463
988
299
571
338
895
569
556
731
384
191
917
710
573
398
713
975
91
351
234
594
243
539
532
874
423
980
210
205
78
895
245
960
232
424
512
747
531
886
695
182
460
145
909
78
757
399
149
112
686
769
795
302
42
89
87
740
676
364
565
945
791
670
895
157
689
311
26
716
256
745
285
309
649
807
50
403
278
473
802
504
750
875
758
692
886
261
236
472
331
540
756
792
868
580
673
846
516
786
166
576
443
405
159
951
656
356
888
633
59
526
891
183
474
192
143
828
875
83
399
376
880
2
382
80
775
512
310
125
748
678
847
866
752
340
123
745
860
370
854
176
285
897
516
780
809
193
144
572
358
882
358
615
183
204
781
399
385
722
231
785
814
403
763
183
694
41
168
444
981
96
494
589
718
237
381
366
707
295
174
76
644
973
763
62
421
835
571
657
940
142
847
5
974
812
771
391
966
314
977
333
566
76
906
210
252
755
480
66
922
363
147
758
561
877
927
316
904
694
367
852
736
712
304
258
68
244
493
622
718
90
615
51
473
381
245
510
571
241
909
221
289
512
671
368
365
353
127
396
261
748
140
366
438
300
874
72
989
343
955
253
809
513
549
811
173
163
956
831
641
15
803
335
904
463
610
498
389
534
568
493
185
673
517
746
842
932
493
812
797
732
114
401
851
445
540
758
573
770
513
401
613
313
197
459
9
727
855
618
426
25
924
709
16
373
371
295
383
12
828
512
19
764
765
973
973
936
284
550
586
622
77
59
73
568
507
246
454
345
31
504
601
749
40
642
282
879
333
344
596
876
437
891
12
529
1000
91
281
576
726
337
321
755
256
403
874
740
172
384
572
805
772
358
907
131
719
900
966
613
760
660
567
498
595
446
971
606
922
772
396
354
652
192
236
897
988
965
892
780
850
675
835
556
201
552
101
411
229
522
40
68
392
515
957
520
729
356
697
160
51
376
94
106
920
686
814
663
141
211
910
690
778
401
664
281
289
265
219
722
630
285
82
506
149
604
665
474
942
545
712
78
135
631
492
358
334
146
209
50
170
738
340
131
153
573
992
395
311
281
420
847
954
239
529
327
286
761
903
179
834
547
781
114
423
974
7
807
841
569
248
767
345
370
772
641
719
67
326
95
777
271
449
121
395
318
691
212
907
294
778
21
537
309
868
295
285
483
92
406
823
544
992
877
634
625
753
303
482
517
255
147
621
50
161
862
251
427
166
6
58
844
722
322
334
753
328
608
240
88
944
871
146
140
252
550
592
551
442
913
163
743
339
977
580
281
325
555
889
135
123
489
368
253
501
123
112
108
836
656
947
422
541
66
579
997
689
13
249
621
818
986
808
770
395
710
2
920
977
830
417
875
603
497
951
676
583
480
463
488
588
319
137
668
729
911
192
235
4
773
423
674
753
223
884
844
844
560
245
521
630
447
136
174
793
942
781
117
342
66
430
272
478
723
929
255
270
494
63
542
122
923
878
502
372
993
118
791
460
864
17
143
449
118
401
925
598
5
131
152
893
742
389
221
845
965
296
669
554
537
575
697
61
188
3
26
974
541
844
233
292
549
727
615
470
37
626
296
973
53
546
204
720
965
93
793
652
135
188
616
906
977
578
149
925
507
91
18
992
629
390
428
794
50
752
970
396
987
395
381
181
382
466
878
12
689
389
736
600
829
960
182
177
757
520
272
309
655
318
807
374
764
925
574
157
94
577
588
975
548
287
68
880
948
947
784
127
567
17
43
316
975
278
923
572
834
319
303
786
255
726
58
671
703
421
687
941
591
561
585
755
963
599
399
202
765
461
310
161
629
350
758
347
472
962
287
319
263
832
161
753
790
586
104
893
979
885
580
316
436
606
551
141
351
922
943
451
247
832
394
443
550
884
965
64
315
814
432
535
903
557
288
273
343
857
976
456
462
999
842
666
857
901
490
295
286
505
732
308
576
414
383
406
673
899
789
320
113
709
981
340
592
449
165
13
417
184
567
278
637
993
865
114
390
3
645
141
515
763
558
904
147
260
992
758
570
174
215
976
787
241
899
103
29
156
246
214
943
397
953
599
30
221
454
438
230
874
3
297
156
608
815
721
586
173
624
285
304
550
10
789
914
756
249
378
291
153
968
579
163
389
429
105
480
426
715
285
526
213
815
357
322
601
352
44
706
95
960
587
878
144
665
434
108
246
11
2
920
627
111
814
724
775
333
906
122
87
226
176
490
150
224
364
349
766
776
520
743
746
507
717
968
984
203
218
142
815
694
547
374
225
332
259
100
443
868
745
940
268
552
677
606
266
913
767
403
206
781
933
550
195
714
303
14
279
531
654
264
762
932
973
404
440
336
136
383
666
995
684
473
488
441
203
78
783
749
816
611
248
982
173
542
755
590
560
348
660
232
343
174
729
274
286
375
270
749
993
480
254
638
663
607
481
885
313
217
949
451
719
876
929
368
137
414
478
89
16
316
691
444
80
324
87
724
276
956
160
354
424
352
537
218
834
925
434
835
891
787
273
146
522
172
129
49
92
738
650
832
516
939
372
268
432
562
508
325
281
626
726
268
302
142
586
642
581
722
759
459
35
280
272
657
182
23
827
200
622
965
901
384
797
7
220
947
422
252
197
592
235
508
429
838
722
144
752
612
543
770
292
28
307
3
597
204
670
845
644
41
378
746
939
738
791
104
747
731
180
846
415
238
336
587
735
937
413
112
544
939
718
986
281
357
832
81
458
319
931
581
998
881
657
586
73
246
974
200
191
608
935
390
223
365
514
386
688
743
545
738
626
627
843
122
913
628
86
358
501
663
577
544
523
507
785
502
723
963
98
148
792
663
65
977
35
812
629
758
575
130
842
463
112
610
808
776
665
419
900
487
578
583
832
771
367
900
847
152
258
477
869
240
390
266
673
662
809
764
768
213
348
48
942
685
368
52
589
624
357
856
965
300
986
612
811
448
877
913
705
628
511
574
144
169
254
603
555
237
620
607
880
11
284
667
309
256
842
904
775
513
487
852
222
901
471
325
480
6
495
802
507
828
548
834
899
575
660
408
955
746
269
580
599
638
349
760
566
800
207
733
711
211
140
771
161
890
848
695
544
603
587
665
648
637
872
320
326
894
355
43
421
527
212
568
632
973
110
719
465
833
142
99
671
377
273
890
854
491
329
764
825
243
985
105
572
26
216
357
107
886
478
774
141
156
126
992
258
891
800
701
471
538
431
777
308
703
822
259
424
24
245
527
622
819
583
532
168
823
918
524
953
284
286
924
844
516
947
750
525
862
555
209
237
6
283
308
282
423
451
178
459
398
586
525
799
858
958
27
88
354
895
901
604
512
708
701
818
958
501
281
250
637
586
286
109
238
451
754
291
366
111
581
341
945
731
983
597
614
373
735
524
705
830
402
475
886
460
187
706
14
575
147
431
203
98
621
967
968
334
536
853
867
440
213
61
26
76
466
887
972
3
607
45
539
769
731
154
968
388
684
284
258
620
531
362
467
741
43
533
427
362
634
713
16
857
500
693
541
965
829
581
25
938
863
974
471
880
501
531
145
489
136
597
935
590
98
573
753
275
782
137
631
753
308
809
473
18
614
163
894
306
357
164
919
85
883
276
638
39
95
598
27
90
996
259
941
338
637
646
63
159
831
231
617
997
888
663
674
553
848
444
376
897
215
258
404
851
81
926
872
457
21
860
272
633
951
738
648
883
440
103
755
859
717
458
998
272
635
591
816
615
283
80
457
458
963
735
202
370
76
824
395
590
694
314
438
124
122
907
451
375
501
359
416
732
944
20
204
784
71
191
500
426
549
195
57
22
306
741
965
865
802
954
150
964
778
177
980
696
841
806
225
429
356
970
409
404
860
578
169
553
644
908
428
96
868
486
682
112
307
458
229
351
997
542
368
713
158
999
806
462
959
659
463
214
245
998
52
92
808
652
259
875
459
610
390
233
98
665
639
697
788
243
327
79
260
345
694
89
847
311
711
714
559
730
695
208
513
246
651
579
590
321
56
397
865
276
327
198
209
206
534
219
750
164
756
592
635
148
756
511
957
216
650
276
724
65
630
752
873
325
362
873
339
759
175
690
224
844
826
51
626
409
137
510
231
108
378
737
445
288
562
233
260
394
227
691
314
385
92
997
944
152
272
884
520
371
842
473
603
393
393
448
866
482
11
950
244
542
972
947
866
829
103
152
528
465
634
480
369
405
41
629
333
215
898
126
276
145
204
934
812
153
999
15
459
374
946
327
355
324
462
427
637
541
674
941
575
856
623
703
338
826
460
7
476
4
932
702
816
531
798
590
632
91
762
569
824
815
345
821
206
970
672
865
129
320
520
515
792
619
384
302
313
363
20
264
449
504
261
876
790
299
877
939
999
933
410
959
741
35
840
254
295
430
20
816
536
713
877
356
174
797
891
675
568
686
592
597
555
920
140
930
726
830
665
981
522
987
228
491
726
965
182
234
192
902
198
234
428
349
245
3
230
14
63
436
220
287
141
900
758
69
510
397
312
986
425
883
442
609
896
145
35
820
516
906
8
900
961
275
321
2
261
998
720
591
861
627
814
380
123
49
152
911
361
15
791
696
994
606
843
152
990
373
455
459
487
518
74
538
923
167
918
795
56
320
134
914
973
3
205
822
685
563
820
397
368
270
357
402
951
392
343
729
391
886
850
342
904
673
908
880
641
390
669
691
648
250
791
728
915
406
92
278
387
334
158
180
743
27
973
875
451
801
797
248
278
145
441
437
299
690
510
826
733
31
804
230
868
79
933
563
347
377
330
917
658
517
83
879
238
177
396
346
456
299
762
938
943
179
51
868
173
969
756
147
205
231
242
806
672
427
254
420
236
581
499
524
789
714
416
460
431
391
723
110
415
765
411
823
466
191
696
373
186
746
379
749
289
292
895
141
606
698
121
773
515
546
366
330
885
874
65
369
991
963
95
711
45
672
184
238
771
365
912
127
242
569
131
232
765
677
676
425
534
912
973
157
323
548
443
143
972
389
87
547
968
470
719
668
222
689
386
344
353
645
109
947
663
914
724
231
25
417
896
756
360
863
133
874
486
214
9
979
11
693
126
422
457
833
173
855
317
409
697
809
287
929
734
488
631
908
265
18
17
155
728
33
413
703
597
115
571
423
344
18
623
183
208
528
7
635
790
958
754
329
667
293
821
955
518
509
799
759
548
367
596
483
287
277
9
776
155
875
168
470
284
794
317
322
250
75
669
171
490
21
332
180
687
17
256
282
834
167
511
151
734
598
705
168
292
80
875
891
388
459
548
629
565
446
379
955
810
708
698
654
470
892
441
744
508
667
414
746
361
689
679
424
809
797
28
210
807
756
367
576
374
70
684
690
589
368
212
931
701
560
890
428
983
509
685
871
483
960
890
867
502
105
682
8
771
19
989
975
95
712
863
612
979
182
722
285
250
424
220
465
648
141
785
161
408
681
930
62
480
255
221
383
128
397
253
750
471
740
636
60
353
403
676
421
461
358
395
132
330
76
812
901
293
486
323
202
316
323
91
819
90
471
179
449
813
76
949
504
123
518
606
866
58
891
552
742
295
161
944
165
227
675
714
169
693
755
663
357
97
62
507
881
594
420
269
584
688
233
946
227
283
698
660
773
995
650
271
267
541
122
300
985
303
509
75
109
528
355
220
441
680
389
839
284
167
90
106
584
601
63
720
323
359
934
537
851
278
243
659
869
320
809
884
69
21
526
214
559
941
86
479
192
458
495
471
817
861
950
741
910
78
615
892
608
718
135
74
249
657
485
790
824
166
987
586
190
268
945
795
152
796
512
666
94
741
239
52
795
519
579
635
898
851
141
826
310
45
379
784
920
760
72
233
608
749
597
794
622
636
378
480
736
207
268
502
108
34
244
733
761
146
177
361
274
265
838
65
493
938
651
873
929
262
660
198
553
828
229
366
583
654
135
752
339
41
335
162
78
584
138
632
623
425
66
786
834
916
838
288
514
658
258
861
725
933
14
684
747
890
677
183
368
932
398
436
607
735
519
611
958
432
241
50
168
989
821
871
620
12
967
802
979
892
46
729
916
170
675
403
866
821
313
774
369
48
597
128
601
944
453
825
302
522
183
47
388
510
451
860
436
676
864
142
186
225
999
847
584
59
149
744
736
265
456
222
464
471
936
607
117
674
677
753
28
363
294
789
951
949
824
600
964
883
660
806
236
631
404
117
356
857
24
470
86
483
554
987
764
947
226
943
83
37
249
688
816
610
993
386
19
19
294
40
579
454
618
861
884
308
177
123
579
641
444
603
16
87
242
197
47
595
224
132
187
695
744
878
779
479
542
978
589
17
453
296
447
786
140
411
116
19
131
234
702
457
113
353
492
364
265
363
596
356
335
989
962
394
504
692
166
609
750
981
880
336
392
129
286
900
765
698
184
392
507
101
549
503
805
972
999
519
230
37
582
566
722
296
953
60
136
823
869
661
751
926
700
478
701
395
529
126
130
191
794
508
794
205
925
723
987
969
421
400
176
969
86
42
803
213
554
195
153
355
447
134
546
323
590
97
124
569
731
646
236
861
258
322
287
864
682
431
239
913
1
984
171
151
824
387
956
294
675
666
346
582
602
968
15
287
289
680
23
538
611
58
164
169
366
487
937
717
207
429
250
11
590
936
940
709
181
588
498
539
726
722
54
916
251
935
9
604
165
897
474
618
535
559
210
429
826
701
711
967
678
560
124
908
492
203
799
281
998
101
516
284
627
448
466
432
631
952
712
964
413
16
989
257
317
507
525
532
179
387
734
19
223
67
243
73
315
980
429
774
852
603
393
325
854
224
425
825
992
493
626
37
732
97
20
193
929
193
686
544
935
931
795
737
632
203
12
76
33
112
730
278
937
661
713
908
444
882
398
782
794
81
457
289
508
827
989
607
350
66
690
714
149
419
914
41
50
500
892
67
83
239
525
90
102
580
654
29
945
84
566
153
438
560
333
805
537
215
82
437
236
773
809
428
382
256
886
28
535
332
558
56
462
627
249
67
722
752
684
496
747
722
189
807
72
407
561
545
444
846
363
179
522
829
798
4
411
275
102
437
23
976
335
64
755
327
67
999
821
139
120
362
48
266
796
383
594
948
272
9
871
254
592
893
996
745
90
950
487
745
144
201
724
15
642
826
468
101
738
928
956
599
45
593
158
174
789
929
453
667
388
36
845
40
552
984
974
244
539
66
651
393
971
426
979
509
442
189
975
887
699
7
950
874
402
147
694
224
990
3
165
360
422
363
723
160
536
647
5
730
955
408
453
456
531
676
650
576
68
7
682
237
511
949
712
893
803
524
696
287
55
23
637
744
262
459
954
981
785
7
840
599
315
481
969
74
54
33
23
75
922
845
847
568
642
717
143
940
878
952
698
102
209
620
848
719
251
38
492
966
891
492
511
357
960
17
258
735
547
665
182
412
326
866
289
220
331
236
196
68
855
855
966
37
748
756
974
107
957
730
228
204
11
865
762
739
596
694
984
874
721
756
594
46
425
620
375
667
287
635
810
202
354
470
909
309
37
192
643
850
353
224
469
589
733
647
910
293
993
629
302
873
519
802
315
716
108
658
65
7
149
511
467
896
529
904
235
52
8
35
849
71
294
290
543
800
257
417
431
887
39
368
220
772
614
800
429
360
280
561
910
64
57
416
864
666
843
965
385
521
439
145
873
144
315
327
585
829
868
684
964
224
413
324
701
780
919
402
384
433
453
819
434
8
807
783
17
405
631
194
319
779
112
223
25
8
657
329
396
871
280
815
816
547
349
543
680
431
440
647
89
675
964
211
781
627
11
357
244
880
63
741
69
719
980
554
184
435
904
661
822
861
53
264
985
757
17
847
582
509
97
983
250
494
421
787
476
475
793
544
241
64
675
51
419
19
867
160
811
15
914
204
165
332
87
6
739
746
64
19
578
983
595
854
244
974
771
898
753
406
855
582
640
565
930
798
306
906
775
66
442
370
122
378
550
368
725
309
437
389
340
249
26
548
7
685
532
724
642
193
538
830
147
608
116
284
771
625
511
72
645
662
406
561
648
531
444
75
838
794
666
963
111
435
352
46
10
295
636
868
551
150
14
731
983
183
558
922
462
568
841
955
393
564
448
377
634
566
519
242
867
9
854
898
835
553
44
845
456
963
415
230
724
762
735
178
544
778
546
956
811
813
219
196
655
919
917
101
935
730
362
874
209
325
15
809
697
743
73
712
509
707
794
666
722
24
248
7
310
339
86
324
11
871
329
453
786
978
332
610
18
86
833
325
280
158
726
406
691
607
814
648
325
146
176
496
555
36
645
51
148
75
648
668
243
233
682
608
58
279
34
822
380
166
59
723
506
80
114
39
626
402
862
531
86
219
219
592
599
610
477
59
841
35
915
656
509
538
390
173
19
494
883
797
319
66
359
843
23
66
362
54
958
649
748
557
208
973
973
386
317
945
435
92
928
107
913
529
968
331
405
649
137
774
888
854
703
871
273
162
609
235
924
418
974
871
596
708
953
886
982
623
270
366
277
399
542
549
856
35
178
708
852
270
593
845
749
581
214
151
530
171
621
452
474
83
628
733
783
238
176
308
380
348
709
746
632
36
866
294
372
8
181
502
791
73
925
401
828
978
364
919
333
365
371
61
59
735
298
981
562
920
600
518
737
83
234
193
864
698
743
603
681
906
854
220
451
644
303
319
16
347
252
906
207
126
795
901
312
965
734
512
221
565
733
662
39
748
519
46
448
645
45
70
95
764
494
554
273
978
994
366
874
473
704
866
20
88
732
483
986
406
456
283
255
63
96
309
884
336
951
665
450
966
310
959
375
68
419
824
65
582
752
835
482
714
922
567
94
356
449
545
48
248
633
351
964
343
726
418
910
94
181
583
503
214
399
649
193
73
140
703
427
223
246
514
326
22
278
280
820
452
704
933
913
112
140
829
866
601
266
951
609
162
459
411
487
670
469
796
27
653
543
871
11
186
458
749
268
37
350
531
142
642
452
524
914
956
617
291
638
291
291
292
75
372
635
300
843
456
209
507
98
621
79
539
501
738
562
253
852
820
982
612
965
102
415
324
424
198
556
927
158
983
954
996
77
739
242
126
424
862
132
641
961
192
992
831
997
449
837
952
602
178
63
547
224
35
6
985
576
692
866
128
836
714
165
483
308
360
720
278
284
264
600
409
534
309
323
910
961
248
685
159
851
567
328
523
177
204
794
309
78
776
45
181
144
530
1
754
446
168
140
244
717
447
851
694
466
966
261
86
786
589
86
172
105
422
798
757
790
813
471
784
763
4
773
970
342
961
348
297
961
890
242
763
582
838
441
879
661
927
765
57
869
645
109
509
108
66
867
639
443
295
816
79
784
607
920
778
688
763
167
793
880
425
953
663
330
198
500
511
798
66
163
999
595
284
440
557
42
240
180
336
542
866
226
156
816
400
932
658
663
377
822
518
731
834
663
289
425
803
446
368
121
204
140
793
927
504
791
814
288
87
262
217
776
237
829
200
817
555
900
528
502
992
55
314
702
339
490
645
181
190
919
219
775
94
317
636
754
933
622
57
782
856
240
820
568
295
838
888
938
132
991
356
502
237
479
574
232
224
674
467
351
432
765
365
877
135
739
739
290
480
441
813
33
966
809
108
16
222
179
813
468
656
