886
61
474
620
797
996
735
158
48
303
318
673
790
122
607
579
684
439
315
557
131
182
685
373
90
207
75
690
613
356
512
913
207
440
500
580
524
967
976
59
199
221
509
344
420
614
542
748
169
60
710
20
790
650
862
42
145
39
528
568
286
349
798
541
532
223
964
989
56
854
888
40
483
462
890
367
434
766
873
736
241
644
684
789
218
789
38
954
565
249
771
801
177
162
782
301
303
164
29
915
783
990
228
499
461
944
264
436
498
638
170
524
674
231
781
500
867
234
969
512
281
300
150
839
967
251
46
685
271
799
479
171
466
917
166
342
870
984
392
541
182
823
66
656
438
415
736
616
53
739
283
350
251
863
70
27
273
681
81
93
90
140
484
472
939
298
421
458
272
167
583
402
827
130
443
682
325
426
494
120
161
851
263
400
212
707
551
321
660
138
644
915
749
858
989
723
838
770
961
987
237
51
270
685
800
664
88
375
723
64
706
108
92
139
700
644
252
843
129
144
586
972
534
16
888
876
675
796
229
825
295
626
848
64
109
949
169
56
736
292
984
220
322
841
14
754
444
125
856
252
746
95
821
509
142
187
416
961
807
52
336
710
498
818
575
141
798
206
183
125
697
535
198
902
619
39
547
846
3
354
960
16
122
233
658
736
584
150
699
266
389
158
920
870
973
183
176
327
75
895
878
10
321
368
739
198
229
437
821
72
482
445
641
214
539
299
609
129
716
303
317
377
667
340
614
653
225
553
236
844
318
275
366
176
734
211
854
712
343
303
261
109
762
195
920
144
47
776
919
473
864
717
626
570
301
219
903
556
225
708
371
232
899
712
271
411
724
820
214
145
578
538
795
898
781
758
844
205
782
592
222
809
465
617
173
839
319
75
204
468
822
590
149
897
525
680
670
349
264
936
597
402
22
518
2
697
951
144
427
487
382
56
439
520
93
154
182
827
891
388
395
32
310
422
487
365
18
294
208
476
820
422
719
429
755
384
524
636
855
952
443
636
860
219
1000
3
1
394
731
868
728
116
28
806
677
145
925
567
246
674
959
59
292
822
352
983
97
605
273
738
665
614
184
156
833
331
127
162
734
558
240
582
81
467
285
550
827
342
858
461
815
702
510
427
518
701
93
608
706
256
217
724
452
462
813
595
815
346
271
929
460
62
685
85
895
378
861
487
290
653
339
160
832
911
914
982
250
378
13
849
783
408
796
768
570
929
152
598
488
887
629
409
697
922
569
893
23
293
49
574
753
497
615
320
744
309
756
522
418
161
405
462
513
630
347
130
493
91
300
795
985
391
783
934
248
387
331
92
887
670
12
764
432
978
7
639
534
680
118
808
580
446
431
278
279
455
845
324
775
674
826
307
888
230
82
233
90
176
878
986
821
927
37
338
244
162
290
653
982
641
459
725
629
92
997
484
282
889
884
430
454
592
787
310
358
571
841
803
895
221
894
74
203
300
213
190
201
702
268
239
414
67
379
471
894
77
950
774
735
792
348
310
469
167
648
555
257
222
252
47
851
590
127
529
216
874
791
100
795
439
330
33
920
793
839
453
575
298
574
411
797
636
977
475
586
791
112
771
367
319
905
230
454
480
873
486
936
534
491
886
865
15
483
437
834
282
443
888
286
947
809
774
434
535
876
133
537
427
305
386
886
462
132
159
108
686
487
172
889
349
112
326
996
505
445
340
784
361
462
14
973
19
690
47
949
506
228
113
553
341
817
377
454
107
987
993
767
408
906
161
241
408
684
659
347
347
619
586
462
957
774
208
853
82
873
518
634
242
959
977
102
866
569
737
628
828
633
431
274
981
880
379
809
882
452
607
305
639
197
650
659
119
496
180
142
385
16
205
980
65
852
323
526
495
136
243
761
320
250
1
719
602
305
276
993
711
505
163
526
616
217
738
693
1
949
931
163
428
995
599
8
905
50
659
507
406
601
995
460
872
823
850
799
697
150
977
395
986
811
941
758
558
821
887
387
882
262
869
536
345
688
665
559
833
266
427
307
274
448
898
548
667
532
902
542
804
939
877
738
832
586
480
899
623
922
386
675
760
100
812
816
733
471
49
685
659
281
981
924
215
452
148
683
874
546
88
928
694
610
529
92
870
290
30
231
149
30
413
158
92
493
26
72
514
367
726
32
967
286
365
257
889
253
790
39
333
423
495
564
594
707
445
674
623
419
891
139
706
989
20
23
740
270
154
192
554
958
852
746
760
849
116
58
849
675
241
764
638
276
707
939
616
252
596
700
774
296
530
246
512
657
23
543
642
805
577
398
141
840
784
660
822
235
664
246
623
358
697
38
765
599
290
532
683
233
751
425
967
976
954
626
274
256
219
702
544
790
369
658
453
288
461
60
529
905
451
365
789
367
564
884
456
626
213
902
70
577
750
931
597
41
427
359
471
377
175
145
151
623
890
208
724
848
510
833
48
698
491
998
959
646
237
547
24
7
924
696
84
144
75
5
284
944
242
501
604
839
676
630
760
144
40
165
294
37
70
75
113
624
642
93
44
809
959
801
434
611
242
11
661
143
664
432
722
779
469
527
906
612
673
461
553
682
329
365
375
24
372
827
759
705
496
135
319
372
318
87
169
750
582
234
794
450
570
444
453
304
23
113
335
178
303
485
592
204
175
390
713
416
675
426
304
186
625
398
862
320
954
844
693
424
881
985
60
709
803
174
613
802
832
537
878
647
427
492
264
344
43
324
542
36
591
210
625
966
974
851
108
224
652
740
19
133
946
994
834
224
816
354
272
288
417
583
113
975
974
541
455
101
536
940
497
302
188
64
20
839
272
972
569
689
558
804
722
913
697
800
202
543
386
535
476
923
8
652
553
777
871
282
315
10
347
234
301
669
398
489
333
991
869
87
962
746
563
866
520
227
70
196
79
869
768
877
761
760
564
886
311
99
877
731
187
632
305
84
595
662
635
413
118
409
283
679
569
211
573
241
519
416
479
523
890
807
253
907
954
51
772
146
561
274
895
284
698
937
222
933
922
275
868
206
415
156
447
790
794
807
735
736
791
53
403
631
371
664
358
108
520
479
973
393
691
867
464
776
220
366
539
296
47
441
906
900
203
723
135
154
582
195
981
1000
276
178
437
126
361
376
115
438
275
96
441
36
353
373
596
607
540
181
448
690
252
669
254
268
65
238
978
709
223
127
28
977
63
551
898
995
193
510
544
152
814
796
492
509
788
276
597
449
856
90
1
965
139
882
707
389
443
451
562
711
272
119
153
902
221
501
540
888
216
871
949
200
695
415
613
148
756
925
973
776
280
479
521
401
703
388
876
17
19
456
227
86
733
746
34
62
229
891
222
922
615
959
562
113
636
809
229
590
353
568
592
971
220
956
365
769
208
746
381
538
570
551
396
976
892
370
910
269
216
463
856
104
141
670
801
970
400
819
424
755
847
330
545
301
527
721
820
597
398
411
9
103
396
735
326
446
490
244
71
972
216
294
661
685
721
132
84
454
950
639
856
873
19
759
75
216
478
552
161
312
775
564
365
713
959
822
265
432
824
752
619
16
799
918
738
481
659
144
729
660
187
403
374
233
687
347
782
873
872
290
401
927
471
614
911
900
719
124
648
376
969
355
996
383
71
609
572
787
738
864
625
478
84
560
686
673
574
989
211
473
510
965
218
935
313
601
177
761
764
94
752
647
736
787
606
554
430
430
903
27
234
505
787
619
227
646
658
267
647
975
17
377
428
618
461
446
677
677
734
306
36
664
812
488
149
13
702
553
453
885
347
188
443
523
695
504
518
57
138
934
465
814
793
792
14
540
647
856
724
257
506
412
258
749
675
312
285
923
831
860
496
313
398
7
520
220
259
843
541
865
19
894
488
374
992
281
730
890
438
65
879
122
67
565
952
812
971
935
516
252
945
741
574
842
10
20
320
359
333
362
753
409
987
712
194
234
524
629
437
816
103
197
17
620
597
198
94
201
302
929
85
33
813
164
136
16
23
127
602
79
18
913
558
349
62
24
231
433
331
514
268
458
443
893
885
548
628
177
958
33
691
972
853
298
131
915
879
943
406
960
508
215
387
14
169
511
998
101
194
818
43
552
627
87
878
5
879
843
829
722
177
611
163
161
686
209
315
683
691
353
733
62
748
222
310
357
314
763
669
72
351
987
149
5
563
716
656
457
902
834
227
954
223
894
881
42
433
969
966
141
425
947
448
47
689
465
298
387
889
158
12
613
548
475
410
664
423
925
101
51
399
183
409
782
321
939
771
300
127
661
360
435
176
37
530
866
390
245
613
696
440
183
55
840
493
871
552
360
403
488
449
695
223
492
238
266
734
325
395
252
91
857
183
983
159
803
155
535
144
949
371
825
843
960
20
91
724
511
354
137
845
727
332
967
629
374
965
127
137
236
54
543
65
370
117
447
809
5
805
613
132
372
638
375
586
158
453
464
944
41
969
576
485
310
598
5
286
494
12
740
251
82
189
89
774
940
69
683
695
839
230
102
694
531
755
865
148
279
785
840
820
145
639
240
405
523
660
770
166
648
153
350
270
740
307
602
619
739
242
468
579
128
438
203
432
552
364
894
940
516
526
274
946
44
296
759
490
161
461
56
151
341
587
180
804
624
170
449
365
157
214
586
92
901
737
938
595
271
238
681
477
277
376
769
837
343
115
406
409
705
287
159
753
68
574
521
884
663
398
62
770
507
846
551
882
887
432
550
438
311
958
402
805
121
848
973
550
203
364
701
766
121
476
797
600
721
911
347
11
897
821
644
80
672
23
733
111
612
764
92
802
502
862
912
430
318
778
232
731
559
825
53
580
555
669
30
618
899
690
501
161
788
159
520
378
529
893
446
616
790
604
197
222
393
820
952
49
118
489
911
357
193
156
159
901
919
628
515
469
462
645
976
593
600
66
435
967
762
5
497
147
520
808
465
321
465
632
826
924
388
221
503
637
789
294
706
331
30
311
135
837
388
16
373
106
951
850
730
724
404
925
924
679
825
880
946
591
841
117
348
169
190
59
276
227
613
413
217
87
272
726
30
423
942
617
40
293
840
288
954
365
274
760
253
19
103
840
599
547
480
420
697
689
822
788
397
476
997
385
969
269
292
102
459
450
334
213
755
257
994
121
245
782
360
375
597
901
792
396
489
629
514
585
783
427
623
375
572
43
556
726
590
737
651
773
320
479
445
770
589
938
511
82
599
145
60
391
247
495
773
989
772
190
144
75
874
378
131
108
660
880
963
688
716
599
536
748
815
29
497
82
650
545
694
538
228
619
114
694
470
370
357
20
835
293
223
458
451
606
504
194
708
527
168
282
196
817
972
402
432
179
932
842
996
1000
906
632
919
812
665
822
276
850
519
95
673
534
964
647
203
979
940
672
635
469
862
39
445
20
304
361
44
760
521
649
983
123
726
381
296
472
554
587
283
379
195
193
907
690
397
387
905
218
132
805
878
882
132
634
916
643
590
838
673
631
194
862
215
602
657
709
147
807
930
108
873
684
448
583
513
703
924
929
198
614
896
376
546
732
252
277
927
486
834
885
395
811
504
557
799
998
965
975
522
686
943
41
627
723
938
34
368
246
262
709
345
609
613
351
152
574
865
689
492
18
976
347
865
529
89
20
811
184
8
690
130
657
886
654
529
743
920
895
88
196
811
258
134
461
662
945
199
154
442
836
811
614
309
606
789
666
54
313
476
883
462
547
450
453
564
823
774
404
268
116
443
393
32
223
519
916
415
33
761
114
111
87
388
669
911
191
154
940
267
193
180
878
336
171
526
759
754
820
184
874
842
900
38
916
54
847
435
232
675
568
764
158
656
522
234
523
223
469
324
483
904
207
845
912
699
161
708
334
405
260
12
103
72
706
889
975
952
63
676
500
671
327
620
661
298
130
777
232
325
392
586
8
605
335
249
106
90
587
92
279
769
490
36
729
732
57
622
574
952
102
989
3
59
682
161
51
307
294
768
748
378
47
240
802
723
958
611
317
394
725
214
779
362
674
407
620
885
135
702
394
736
141
822
762
883
639
905
254
217
3
406
371
118
348
14
777
229
72
604
732
953
8
777
135
590
635
49
643
390
547
372
787
154
848
471
178
92
712
597
340
707
609
406
725
902
531
587
505
916
497
343
910
706
363
904
452
231
813
565
880
364
586
810
296
932
136
188
244
308
300
553
841
705
484
392
557
550
427
76
452
654
137
929
823
36
307
799
929
536
679
255
378
467
507
356
271
118
686
11
210
79
625
364
223
705
946
273
908
470
347
134
329
134
75
869
929
623
431
160
533
932
910
962
658
479
599
543
672
203
118
937
5
35
541
173
776
261
187
125
509
678
710
759
579
862
682
6
143
191
540
51
717
855
303
196
257
654
753
342
165
166
310
892
422
536
252
862
263
284
399
264
753
473
261
622
706
915
257
361
421
811
997
867
979
473
653
209
492
626
243
710
709
917
427
574
403
423
808
943
4
601
581
21
152
572
812
414
819
788
20
303
688
223
917
696
142
787
864
773
153
800
587
459
634
409
892
894
544
473
177
983
547
943
87
776
527
481
824
54
694
354
26
474
487
241
805
160
248
484
487
73
475
4
833
720
362
794
60
303
548
582
553
319
19
727
721
355
53
971
504
447
975
656
677
519
719
847
990
409
504
455
360
391
245
770
740
748
396
438
253
938
623
926
96
776
276
212
672
418
329
905
977
201
129
923
667
386
39
68
790
289
415
477
281
71
343
141
60
4
678
375
265
775
632
665
193
673
943
897
73
943
466
593
900
474
82
33
380
4
837
335
990
930
925
910
610
384
189
713
812
604
142
698
502
264
780
995
961
649
795
249
747
853
184
498
759
37
379
618
445
259
64
154
156
168
285
964
5
998
715
341
804
617
273
925
128
5
720
737
287
333
83
894
8
551
332
618
46
892
777
291
740
386
890
923
634
16
446
170
253
648
411
258
736
544
256
593
333
458
92
759
921
411
351
622
807
661
554
426
596
871
508
272
113
479
296
816
821
965
830
97
938
37
944
134
825
846
556
362
901
450
468
371
928
268
750
440
639
245
664
281
569
149
915
539
275
203
288
597
188
356
892
268
557
460
440
824
61
506
96
507
882
991
267
783
233
942
792
227
690
382
153
247
715
544
905
455
651
759
865
491
572
22
950
732
344
575
394
546
425
647
625
188
836
183
540
110
483
861
422
250
647
786
348
267
153
670
685
487
660
432
592
679
738
257
118
712
283
208
871
73
89
652
538
944
721
996
976
236
978
108
396
365
383
715
488
843
310
431
861
826
534
74
94
811
578
502
675
37
358
113
704
243
743
840
896
898
700
704
575
44
925
332
972
19
88
158
427
942
398
353
861
585
620
970
471
911
51
757
308
180
948
874
350
706
570
141
844
190
169
244
2
883
208
157
1000
360
528
566
159
164
90
859
20
919
257
135
573
60
529
372
576
698
125
726
24
996
881
889
792
2
404
396
273
802
361
781
104
210
853
396
865
849
455
681
30
329
812
917
531
572
591
790
574
179
331
877
651
685
177
245
473
517
897
607
481
626
683
219
127
632
252
714
506
552
783
305
141
194
920
169
365
82
840
301
146
960
166
350
441
282
996
453
642
526
221
210
291
775
453
3
480
874
300
827
758
730
589
777
35
458
854
892
352
196
213
293
808
707
13
380
41
252
390
51
560
38
58
164
598
408
438
279
725
924
937
132
464
546
752
224
757
308
980
883
191
613
893
797
260
85
395
594
553
294
133
386
491
594
844
793
296
319
514
470
119
638
210
266
428
163
564
445
509
43
913
186
751
864
625
185
588
673
495
143
454
803
400
76
259
648
965
392
222
643
622
967
362
363
495
300
537
804
885
153
75
459
216
36
391
433
494
841
505
85
848
448
790
718
46
163
205
977
540
634
717
59
56
539
219
780
854
364
33
48
581
855
589
873
526
257
469
12
397
909
479
745
244
858
255
86
172
813
660
840
276
933
780
572
182
15
714
322
205
796
308
286
997
285
325
182
633
447
8
286
647
878
863
527
497
593
573
671
201
753
502
618
360
255
11
823
624
60
165
74
221
616
982
637
776
102
78
197
630
896
481
211
124
236
558
833
296
485
715
339
509
827
91
463
790
252
531
629
340
92
977
158
146
23
959
55
962
347
708
29
378
44
890
800
888
47
386
209
287
95
695
429
860
535
110
465
109
521
755
859
846
866
657
175
100
674
238
841
27
493
983
795
857
328
458
845
389
34
302
741
527
567
916
72
603
814
474
16
755
144
111
598
655
21
735
137
289
965
698
640
461
651
412
65
829
267
685
190
768
794
262
234
747
467
392
8
386
956
764
940
460
736
189
48
263
797
217
435
717
776
835
45
764
624
528
336
266
149
679
366
452
496
388
830
503
358
198
113
304
678
334
693
849
895
588
458
779
858
597
405
202
881
107
140
970
443
288
667
836
695
613
695
259
186
70
846
753
119
530
665
539
866
367
120
140
818
506
998
120
134
550
151
111
867
821
347
760
540
512
325
822
900
138
491
273
869
676
629
599
999
1
421
989
417
982
905
581
995
62
305
447
978
66
816
950
24
965
538
610
728
33
451
609
759
987
244
67
442
712
743
180
701
865
388
545
280
408
47
889
560
377
366
114
560
90
141
979
492
777
593
692
877
6
804
46
815
452
517
806
845
189
457
354
803
451
815
424
433
733
538
149
594
181
288
262
477
561
105
877
829
689
968
461
751
929
294
146
739
235
8
779
58
212
750
275
323
244
134
911
349
224
487
624
281
944
123
920
463
166
880
891
540
730
239
67
387
200
750
669
807
384
573
403
195
889
96
921
573
613
854
278
860
422
720
338
238
588
640
402
45
454
670
481
698
734
648
760
674
779
586
883
727
112
194
557
28
649
499
180
611
936
359
613
119
525
719
954
787
164
702
89
698
535
582
895
918
722
633
824
346
389
690
775
37
145
280
129
372
872
418
600
771
549
133
259
258
153
397
51
914
300
359
734
66
936
785
484
646
180
839
265
994
387
904
285
496
309
637
308
809
99
140
348
388
750
622
364
572
778
672
827
707
59
650
135
310
9
5
965
373
440
560
28
588
542
358
580
194
383
895
469
642
473
18
324
89
389
450
945
82
263
206
817
549
766
378
112
185
711
810
628
112
161
106
479
863
151
857
616
737
555
147
361
257
821
780
56
710
494
119
701
555
700
593
472
856
136
925
830
195
95
198
979
277
572
992
594
754
238
534
676
895
375
854
832
75
309
645
63
428
98
21
34
853
323
977
527
52
709
839
241
757
584
403
800
29
769
769
429
581
490
239
427
371
129
301
112
295
446
472
123
151
691
112
81
143
889
55
389
907
271
958
243
267
331
436
783
841
287
739
637
705
486
295
446
202
856
419
878
290
640
463
666
354
450
760
450
107
630
991
969
638
236
922
567
915
207
124
522
962
1
789
7
116
30
173
126
496
615
48
152
16
859
592
23
134
555
819
379
64
870
611
19
559
282
324
977
938
171
437
501
674
89
680
28
305
492
877
67
803
542
188
645
109
406
973
326
932
655
358
543
617
218
614
749
794
41
39
619
826
411
853
183
608
960
783
212
416
102
653
213
633
613
156
921
642
517
694
698
415
547
229
642
885
916
919
811
45
210
33
550
785
913
251
48
812
562
293
625
453
302
630
50
318
163
254
497
808
313
637
997
862
552
147
458
878
576
69
313
799
880
930
342
574
437
926
717
882
440
769
57
901
995
445
522
807
399
263
545
874
730
254
759
542
857
373
244
227
278
165
852
404
748
436
111
382
510
150
215
671
560
80
321
762
608
328
824
313
922
566
657
3
930
628
284
476
741
281
561
348
670
508
365
910
517
152
616
882
751
31
862
96
787
681
254
36
384
672
533
979
471
161
484
644
321
56
307
851
72
397
119
576
813
574
170
997
932
919
56
410
114
298
977
991
829
784
536
543
418
616
635
650
291
537
605
889
728
740
937
559
532
666
734
201
739
716
21
16
429
997
864
848
743
860
503
326
31
301
469
358
122
185
407
496
285
580
408
14
203
655
695
757
686
762
714
825
354
267
678
185
260
981
450
544
337
687
824
467
440
224
44
493
857
804
935
47
972
781
116
762
812
776
705
589
785
397
799
161
315
346
957
105
830
518
424
569
294
162
303
121
234
168
749
235
20
138
843
194
594
585
603
502
191
379
909
925
458
113
776
712
203
114
745
210
627
671
749
43
432
680
464
246
929
657
164
258
50
99
95
175
437
379
318
251
984
741
248
546
578
639
285
971
951
704
696
866
956
150
652
502
595
342
72
470
598
354
878
270
276
290
752
736
719
215
626
362
425
762
239
2
938
22
7
708
432
67
867
439
346
54
380
589
526
581
78
30
512
337
694
220
957
654
905
218
176
219
355
232
618
270
104
518
397
610
255
972
824
319
87
507
620
293
77
683
654
30
671
732
990
412
388
984
646
430
353
997
824
780
179
635
669
657
814
514
89
721
15
260
23
930
347
269
480
161
261
231
792
348
412
910
630
203
746
146
822
967
948
802
259
160
786
104
884
593
414
160
530
241
816
964
677
704
831
322
843
711
940
743
190
626
215
724
32
873
976
195
822
103
612
754
41
59
943
376
291
617
650
966
234
268
259
604
324
515
15
628
962
448
827
762
23
875
541
238
419
789
864
886
281
384
135
639
158
897
34
967
701
7
73
586
128
759
117
790
551
622
139
29
326
233
92
29
389
929
838
484
466
484
611
694
741
446
291
846
501
786
283
482
493
896
484
879
872
211
662
296
270
961
638
634
558
190
198
934
855
514
801
522
267
385
966
538
128
478
110
796
108
643
704
14
904
246
138
651
47
162
673
531
967
604
776
392
171
667
887
708
341
698
18
51
816
888
840
135
537
341
27
441
496
4
210
859
489
193
678
855
179
641
115
553
626
649
54
456
829
567
111
27
656
303
812
998
581
147
313
903
997
711
160
476
656
411
626
990
48
578
438
469
542
322
637
358
545
539
11
157
867
783
823
449
810
232
646
98
968
208
802
412
927
361
704
610
451
980
91
466
785
241
796
588
788
989
37
166
690
121
268
155
770
826
454
8
826
906
652
17
961
19
527
493
205
637
51
908
689
255
535
98
474
400
478
458
989
522
910
684
600
215
369
491
956
792
639
901
546
243
458
184
852
832
594
959
94
57
736
431
736
133
59
527
1
391
108
204
95
989
770
424
352
78
500
824
140
687
306
430
811
521
509
883
842
193
704
586
983
58
113
37
220
964
162
874
641
539
497
621
82
76
672
744
340
966
783
365
364
962
421
871
813
382
443
802
409
20
768
87
262
236
499
87
137
587
495
219
598
990
366
507
237
425
394
887
631
670
994
73
28
938
227
635
58
338
854
117
840
904
838
96
10
625
867
540
734
749
386
339
38
858
800
934
567
936
220
431
515
785
957
965
484
895
107
306
89
3
164
901
675
25
241
43
716
882
468
819
710
175
300
663
725
343
947
256
546
189
388
600
399
555
521
553
788
358
400
721
324
112
357
512
468
252
525
346
754
16
826
593
754
905
201
793
210
319
937
175
542
167
179
265
70
409
351
757
232
90
63
496
471
990
733
756
788
578
1000
527
840
94
57
44
295
420
220
795
841
232
803
264
15
319
570
518
291
345
340
234
845
740
296
21
673
923
237
495
820
725
352
585
11
463
356
452
922
11
179
317
996
236
317
63
553
194
988
562
296
706
811
599
415
739
844
214
24
32
143
20
934
109
32
611
374
461
567
578
751
459
145
190
698
826
162
334
92
435
655
992
291
746
449
822
339
583
542
405
537
675
687
855
485
677
785
877
386
705
271
969
378
294
782
101
15
277
724
203
954
5
327
414
551
489
636
890
305
663
725
70
796
110
791
956
843
207
451
1000
547
238
436
918
817
159
647
996
106
769
21
762
237
473
351
498
464
819
113
797
405
681
98
320
944
993
188
998
142
752
26
512
240
771
884
515
231
275
442
923
512
202
975
251
399
75
885
908
96
690
471
323
156
367
939
964
115
701
984
992
955
880
132
123
492
180
744
688
728
166
635
871
426
909
199
19
513
333
753
565
968
490
342
229
478
635
590
459
686
619
969
103
422
973
541
646
563
446
385
706
442
630
364
667
408
238
305
830
899
760
257
358
251
49
161
979
71
526
631
812
734
178
357
975
383
694
379
163
665
62
641
901
656
346
251
861
995
757
846
822
204
536
35
814
942
240
549
954
588
303
157
77
644
623
340
996
291
351
86
19
515
869
541
478
390
332
329
195
433
530
121
144
444
83
126
372
162
291
845
926
636
519
257
640
561
424
481
880
159
136
456
30
619
703
584
930
539
718
956
600
958
856
872
885
817
611
740
76
771
882
276
131
738
828
411
724
354
743
865
32
471
24
717
294
433
325
189
269
619
882
383
403
148
82
914
539
549
339
937
410
228
584
698
636
787
632
965
495
600
414
884
672
527
747
929
429
125
857
555
968
885
94
602
537
629
756
731
654
645
920
192
759
256
972
84
890
264
10
567
671
483
596
288
981
712
537
509
604
704
291
895
549
170
313
531
20
346
335
722
324
258
905
542
659
762
583
215
12
148
895
785
306
747
423
902
115
792
22
630
460
866
231
875
763
647
15
946
558
687
971
492
422
163
344
394
59
847
708
923
21
885
260
764
98
677
13
114
511
506
521
176
47
256
76
998
937
928
237
573
535
208
55
736
411
194
120
526
609
713
989
553
416
531
247
44
472
986
10
248
935
925
426
489
97
411
292
281
344
368
198
892
500
780
728
915
450
296
803
346
839
651
514
223
439
274
602
101
241
147
751
580
911
215
628
730
727
53
124
382
210
702
464
44
319
449
765
692
183
708
676
101
582
296
916
354
291
780
113
714
853
688
441
433
426
824
427
453
589
813
334
393
906
276
382
795
515
849
427
101
63
975
135
821
663
527
21
354
62
827
743
458
138
666
931
583
34
757
904
653
809
332
821
360
721
328
426
920
842
690
133
75
889
669
186
234
874
702
263
673
375
863
818
399
530
538
882
597
148
493
997
918
634
960
222
39
196
92
996
415
918
166
620
557
232
630
506
123
880
558
899
110
136
474
804
997
298
930
484
763
862
670
613
18
549
53
225
941
775
642
652
250
230
895
266
135
150
393
997
841
239
851
628
233
441
75
469
416
978
769
648
79
944
784
431
261
899
872
202
220
490
350
218
434
27
823
924
457
613
131
585
869
881
975
967
182
550
619
141
804
148
993
244
307
326
187
886
373
755
120
872
990
55
832
647
371
778
651
707
948
277
30
489
164
797
806
874
281
109
219
468
975
685
317
825
813
21
767
612
621
746
69
983
988
667
970
26
257
755
869
540
726
421
83
911
353
491
323
284
862
486
505
509
682
550
425
470
19
152
334
934
335
801
746
967
56
211
814
404
175
595
409
420
203
380
149
509
286
263
200
596
886
339
668
114
105
899
212
566
172
755
707
89
382
911
443
799
121
157
475
956
65
369
51
552
922
779
522
309
472
959
819
805
817
997
541
960
771
753
473
342
586
784
822
843
686
532
227
307
386
964
408
201
798
652
428
948
47
903
345
436
663
499
798
550
421
121
951
208
643
988
163
318
337
336
682
77
376
574
971
196
209
73
958
90
842
193
258
699
443
487
220
406
698
740
129
137
536
787
575
229
760
388
573
142
358
792
879
478
417
12
569
837
167
836
996
957
817
480
381
129
162
381
568
463
618
599
666
411
870
492
631
144
256
767
353
745
632
743
229
401
379
638
603
294
539
455
487
115
15
926
861
328
721
170
546
875
356
583
257
847
988
29
213
275
586
54
478
67
249
813
632
343
859
125
848
153
464
760
654
803
300
979
59
615
889
193
595
100
939
177
701
482
486
663
627
139
703
31
213
58
313
856
234
712
94
32
43
514
74
562
655
293
950
436
953
73
775
755
467
437
844
610
398
188
627
207
889
169
244
300
339
95
92
574
299
496
22
5
847
281
40
361
280
270
968
721
343
215
323
171
251
843
991
273
514
365
609
851
300
442
694
577
63
997
398
186
149
890
615
459
372
335
95
655
612
592
738
43
941
151
290
289
879
77
485
346
74
215
64
594
268
34
669
128
955
300
909
861
986
970
365
637
243
237
509
710
250
534
391
522
826
586
290
357
729
522
306
752
142
669
454
134
41
566
705
330
928
812
929
505
509
572
239
969
200
204
590
718
523
342
701
766
592
187
404
896
35
663
731
143
257
147
136
482
615
258
650
57
928
442
701
438
252
783
304
230
863
770
884
970
753
125
462
908
22
841
780
446
542
788
280
230
997
517
581
28
766
495
29
909
714
972
393
216
939
277
648
528
214
312
899
529
943
641
168
119
398
567
443
525
455
235
249
755
547
692
843
149
722
168
487
604
983
708
846
250
100
884
782
49
590
562
323
404
683
505
686
116
527
671
531
921
113
956
832
427
378
161
701
818
859
161
280
182
240
900
431
777
890
754
242
703
518
740
454
248
734
63
414
478
778
875
620
17
864
243
470
890
998
1
599
40
64
261
467
934
49
32
1
761
577
631
694
629
162
650
644
214
605
575
838
760
191
4
433
534
999
349
981
568
576
462
510
160
354
165
859
614
576
338
402
480
370
884
501
747
533
475
372
570
531
712
524
426
342
666
195
426
778
767
316
909
853
733
468
235
990
508
345
183
587
299
77
412
763
151
529
366
620
308
212
658
725
429
477
719
552
398
776
290
426
347
763
795
736
433
753
934
788
573
622
547
156
570
727
289
64
52
990
594
494
587
803
530
967
127
35
347
853
595
697
468
123
973
771
691
135
757
202
89
281
937
637
691
485
725
536
392
194
515
415
199
256
119
399
409
702
319
158
710
371
710
313
690
460
830
756
451
468
98
340
691
166
544
238
473
90
454
59
395
838
375
440
270
604
524
351
482
158
35
309
408
436
672
653
711
718
387
598
420
655
167
790
495
665
721
577
596
456
896
742
791
478
83
105
6
292
824
707
354
818
606
405
590
472
213
512
740
766
989
902
820
957
545
546
51
490
636
87
529
792
656
823
573
808
397
715
713
101
663
137
296
472
827
248
534
748
124
748
375
844
717
105
221
626
102
531
173
33
186
755
828
585
252
218
855
933
819
450
845
722
143
866
446
206
982
387
457
618
816
558
152
422
483
799
936
531
920
831
955
524
86
783
637
68
707
626
523
686
916
59
115
945
299
269
609
528
297
936
348
394
851
496
653
144
206
639
295
274
674
836
506
398
486
700
638
148
160
496
917
993
662
996
593
295
831
153
410
769
534
88
162
798
619
317
238
720
399
934
664
659
259
187
365
645
971
886
182
848
768
119
446
188
6
855
321
592
308
898
193
253
737
213
683
180
967
294
658
304
878
204
681
257
554
619
617
882
310
312
811
147
823
680
46
697
141
913
783
630
83
360
883
172
67
569
118
827
298
390
858
142
836
50
258
480
479
42
525
779
871
67
476
374
322
299
906
7
133
327
445
825
563
695
894
420
448
432
768
325
93
86
430
731
904
667
207
404
567
568
751
121
247
703
443
875
693
769
295
500
244
835
837
938
474
606
235
682
986
339
362
761
196
64
873
559
461
421
95
986
409
455
589
236
839
787
868
684
345
571
544
655
441
40
125
775
96
488
816
125
956
4
261
286
425
617
472
486
170
908
793
356
801
445
486
906
385
438
454
605
857
600
700
337
579
297
773
6
328
217
746
396
636
449
753
104
163
724
856
386
121
111
635
973
130
181
635
430
210
180
446
287
417
264
622
893
831
792
374
251
568
748
333
5
534
99
322
381
690
146
488
57
500
145
432
225
354
635
297
22
443
806
936
586
449
647
875
83
314
2
475
23
625
164
473
98
511
921
994
731
387
137
495
1000
264
585
286
551
468
317
241
357
535
789
420
541
441
870
674
416
436
675
108
241
412
377
701
905
597
898
387
464
665
342
414
964
377
921
322
993
554
159
245
154
625
533
273
342
821
460
937
513
919
757
930
803
102
426
892
824
690
757
323
203
726
469
802
976
464
99
173
871
618
679
126
929
145
856
999
377
385
38
715
813
935
271
943
658
958
577
723
735
747
865
425
393
777
294
985
11
670
499
585
197
883
637
748
159
616
104
620
838
141
200
907
761
98
144
202
164
630
681
941
932
423
106
478
494
654
924
966
781
780
573
757
951
48
824
828
981
373
922
33
851
907
504
684
610
171
583
796
102
814
681
101
771
567
145
334
512
940
755
615
60
157
969
10
466
923
376
223
913
60
996
174
536
649
197
610
721
30
85
362
159
464
841
862
286
261
194
789
736
634
836
715
823
11
21
770
736
97
13
653
357
435
244
286
849
47
519
826
547
872
841
395
422
987
917
406
131
887
723
896
292
208
267
57
295
225
543
327
639
483
90
400
66
931
380
299
330
940
369
819
108
937
452
56
5
63
407
184
187
830
345
222
402
853
960
227
95
596
215
273
277
304
293
671
668
708
690
764
661
833
486
257
277
786
226
12
834
924
667
299
927
417
940
171
151
152
454
585
94
846
939
957
836
92
923
734
111
92
369
709
216
340
507
744
562
224
16
992
852
360
864
846
345
233
173
363
905
868
593
666
919
223
338
571
748
869
487
344
357
598
184
171
222
563
559
258
469
563
640
846
960
66
143
930
434
971
484
667
141
234
749
815
503
444
932
268
127
727
256
207
373
958
156
150
485
809
621
386
715
283
498
346
415
216
605
320
166
198
920
544
336
78
95
6
565
231
990
92
785
660
758
449
104
67
35
714
460
773
351
506
832
317
614
295
799
920
636
715
471
909
857
100
639
939
952
800
832
811
196
318
923
120
177
685
412
46
957
292
632
987
635
239
179
87
741
550
33
337
428
149
928
698
279
757
450
93
308
168
285
445
677
79
32
368
550
748
840
297
662
975
373
142
768
711
690
956
523
187
998
720
281
540
624
888
581
798
195
817
624
995
111
203
108
649
936
75
657
863
161
404
662
568
263
582
187
519
165
553
18
911
929
957
60
987
343
204
807
518
247
631
217
563
362
789
52
463
407
875
926
345
457
162
910
185
126
74
477
458
994
827
912
703
70
548
901
187
378
904
5
712
457
161
776
345
326
464
32
966
657
396
111
908
246
269
606
431
471
953
998
712
630
594
360
31
551
992
890
973
624
115
839
307
103
899
974
615
498
171
759
579
683
337
332
453
330
354
894
999
550
358
216
248
637
581
662
919
82
701
628
725
823
90
563
884
265
3
797
470
365
211
749
727
861
177
846
550
566
817
486
815
481
159
680
658
955
727
734
320
297
276
910
491
265
123
832
452
286
397
570
422
453
415
561
800
471
162
950
113
938
125
106
319
683
970
58
457
909
829
395
408
449
193
255
423
736
194
678
922
245
778
479
783
779
116
273
605
105
6
256
794
168
571
971
742
303
425
229
892
829
399
56
209
869
746
907
575
862
149
10
812
881
44
282
341
369
946
120
419
745
839
769
271
731
481
425
612
238
740
377
710
94
370
892
886
894
370
680
502
372
54
889
314
598
617
75
851
231
735
618
70
275
51
72
491
581
834
943
129
961
448
780
424
431
292
650
162
306
925
277
494
965
625
341
181
459
695
259
740
947
852
210
929
825
83
561
27
362
442
822
625
9
493
371
657
379
798
445
719
302
952
52
810
151
944
448
318
978
655
578
949
342
437
756
107
244
534
73
349
446
450
983
513
324
712
36
102
424
469
374
172
555
283
580
532
588
58
48
663
595
778
703
310
430
178
331
700
171
450
715
300
124
879
287
121
366
281
497
962
619
207
716
136
928
370
302
862
893
289
330
486
561
832
22
960
826
756
536
792
800
25
964
728
991
941
233
855
246
144
999
143
719
147
777
172
416
42
465
331
921
165
316
706
407
59
698
795
566
206
400
12
144
829
279
171
661
287
468
646
954
675
406
299
255
410
609
507
689
975
455
773
963
587
836
297
890
846
680
789
473
638
757
940
770
158
431
334
930
665
306
161
119
683
799
862
313
863
410
778
268
928
867
87
153
73
483
941
190
105
82
139
504
903
867
804
719
