901
510
693
918
456
851
7
991
822
642
278
215
561
952
270
550
414
768
692
766
964
331
76
213
522
929
166
87
419
637
533
159
97
143
166
504
967
959
764
173
882
208
352
408
839
574
29
51
616
917
580
834
201
490
13
806
587
614
115
93
692
475
788
746
125
245
412
327
967
48
83
266
406
775
660
632
616
423
220
515
298
545
206
154
560
373
39
234
860
724
441
356
22
605
501
475
438
131
407
1
226
276
255
943
850
769
211
946
81
639
285
70
578
475
449
519
717
459
896
166
75
405
139
752
576
78
216
822
505
726
390
134
97
839
735
251
509
831
501
820
808
859
393
433
51
581
535
159
581
697
652
77
345
261
270
238
748
517
504
612
968
742
928
840
544
654
807
622
191
275
712
241
944
506
541
360
633
895
883
839
272
859
307
462
328
606
802
345
298
78
905
983
835
594
801
723
200
835
492
176
501
963
462
693
797
431
683
284
933
611
978
840
589
697
488
894
639
408
634
540
977
974
906
886
997
298
807
960
972
484
184
255
532
804
817
807
880
314
972
563
580
893
453
496
340
97
860
590
523
715
75
524
828
688
444
742
162
154
875
643
63
624
578
996
117
655
712
426
902
444
703
964
444
876
123
262
222
512
641
862
818
559
311
392
441
304
401
496
265
747
975
853
875
301
149
275
440
630
92
259
741
954
378
525
82
911
497
642
557
485
560
585
793
868
386
492
481
974
274
455
358
7
119
861
523
533
44
851
956
123
270
494
7
846
652
327
237
209
933
354
292
740
498
866
94
337
807
942
226
910
246
912
237
401
410
974
905
838
161
368
150
709
103
327
269
93
145
671
509
333
515
414
397
986
884
359
850
52
32
645
209
683
545
278
594
36
426
267
573
946
362
305
96
493
344
811
986
931
592
707
877
676
707
399
833
849
157
761
947
42
981
902
995
708
59
273
910
247
829
702
213
798
48
384
349
374
28
471
786
591
455
434
377
915
759
28
746
943
832
861
214
430
981
946
721
62
199
896
366
248
584
816
802
467
690
655
862
621
194
525
810
122
179
802
161
459
698
339
579
731
810
332
332
855
465
410
388
944
763
389
641
547
150
481
57
575
608
947
314
236
438
752
554
39
94
661
636
717
23
94
284
502
657
67
588
162
799
457
418
360
51
528
194
865
597
518
189
369
881
185
956
783
305
280
402
287
639
786
296
469
562
93
32
685
39
72
982
420
216
449
621
430
29
890
219
165
647
207
203
840
457
522
205
194
380
760
714
720
301
711
227
322
268
686
888
623
573
571
93
143
95
539
454
134
632
328
762
555
453
612
944
424
412
580
259
495
893
488
606
626
29
482
349
682
905
343
972
105
399
26
339
943
890
204
586
170
95
873
427
238
307
239
247
85
923
781
986
445
635
633
96
155
744
767
367
46
349
189
868
341
145
769
350
708
273
894
281
726
241
647
101
431
645
416
656
616
456
626
470
584
965
472
894
11
582
112
485
867
383
615
505
379
634
901
618
269
299
621
580
817
193
262
861
568
246
274
854
789
996
916
844
953
984
285
930
439
215
294
370
533
423
527
234
82
80
642
357
483
413
476
29
94
425
510
315
344
850
754
990
8
523
330
789
524
89
356
624
865
458
767
732
6
544
890
406
740
797
494
297
55
241
748
954
239
123
715
71
475
561
731
150
760
779
661
32
8
346
665
718
124
922
61
731
931
513
519
584
201
537
479
183
103
756
362
433
233
768
210
386
934
826
257
975
200
154
991
359
691
412
681
136
600
950
546
91
425
874
487
901
72
87
436
400
117
880
455
843
335
287
487
968
510
429
810
390
774
285
598
392
245
151
601
887
742
964
480
695
870
327
870
193
832
823
71
73
896
290
796
382
988
758
9
641
247
623
552
102
444
380
597
858
261
968
766
652
1
762
308
943
811
404
193
823
562
899
567
930
973
859
190
985
743
319
951
838
477
6
52
661
88
440
693
154
517
368
250
643
488
542
732
803
633
24
930
173
430
853
972
799
103
961
447
431
988
782
678
642
790
382
696
106
915
189
830
845
913
851
477
640
564
169
693
415
89
656
367
954
681
570
894
674
665
587
82
111
294
219
776
130
850
624
124
548
905
36
933
542
708
719
568
237
524
747
790
984
519
373
71
340
54
85
50
207
965
226
960
561
873
135
945
283
597
108
974
200
308
733
67
703
176
692
703
409
724
963
660
782
116
909
578
898
592
911
340
497
508
361
32
505
550
499
752
771
781
22
473
550
777
133
106
715
733
84
530
953
669
314
283
586
212
873
766
584
819
98
612
305
598
225
447
565
289
857
909
934
144
810
31
284
904
306
771
479
736
621
218
553
879
395
28
74
885
942
622
956
7
901
927
945
215
492
284
818
441
729
127
354
695
238
258
7
614
118
190
780
774
32
235
567
992
483
811
178
759
827
687
131
608
751
746
2
613
467
605
755
286
692
627
831
609
120
959
622
900
237
319
416
914
124
851
30
241
391
170
682
551
437
740
90
379
444
701
512
846
379
746
995
159
353
283
427
861
224
955
404
595
617
93
454
75
116
597
903
308
448
543
912
685
466
518
258
168
239
458
618
348
57
773
495
978
158
116
670
986
972
826
583
4
244
27
603
969
7
119
390
307
798
247
229
187
391
706
919
470
234
515
4
222
833
158
321
796
269
532
175
877
762
130
566
481
170
739
853
72
18
232
840
220
939
803
543
23
706
458
109
507
302
635
893
225
887
88
416
536
592
61
780
1
191
967
935
193
578
209
620
302
161
319
698
128
485
946
152
735
127
260
422
213
487
23
836
700
763
377
465
823
314
645
11
315
952
911
435
410
836
525
447
188
79
902
736
192
790
276
793
10
401
174
277
492
177
499
208
99
77
3
968
692
621
630
148
133
493
423
77
720
443
267
555
952
460
511
782
880
559
191
404
702
453
740
5
563
578
159
989
494
401
768
221
844
76
161
266
35
319
909
609
140
159
1
561
15
58
217
33
947
824
865
349
825
743
577
58
914
996
430
551
150
957
393
566
62
23
101
545
947
550
313
496
794
119
4
871
131
458
621
896
594
78
334
476
170
998
316
722
223
57
463
876
808
469
668
936
180
913
597
341
952
278
111
446
510
440
718
910
764
187
117
858
115
220
369
476
139
741
875
176
181
662
117
441
886
233
223
371
839
315
321
104
52
555
793
863
946
3
966
656
712
853
189
759
389
7
611
377
123
175
722
930
119
686
741
235
161
264
339
914
987
329
789
31
728
464
791
719
94
782
190
839
312
321
181
293
853
227
409
332
132
536
243
294
674
184
840
936
828
155
850
404
489
620
886
813
911
421
709
632
549
61
550
135
218
126
366
152
858
295
513
308
244
44
994
861
616
255
327
250
75
75
127
624
938
519
752
156
965
296
688
636
939
800
788
685
686
336
332
396
7
194
307
693
162
9
615
688
6
116
96
555
997
60
859
190
367
567
305
665
665
192
947
34
583
447
202
720
944
303
375
553
101
687
821
747
253
749
409
460
437
536
454
859
549
342
285
962
129
517
545
476
809
122
138
925
87
79
100
452
994
744
104
167
275
455
895
204
70
380
286
979
898
531
825
954
5
341
30
596
511
572
35
628
145
51
196
497
930
458
324
54
911
858
553
607
415
866
817
47
422
128
228
788
294
129
366
868
483
104
280
255
394
442
357
765
596
654
367
129
292
975
950
522
557
550
544
809
255
466
980
554
964
859
535
20
768
551
502
11
254
523
846
849
741
187
947
248
527
620
40
216
58
132
869
685
56
595
312
375
535
300
47
945
927
628
688
945
804
930
465
501
838
220
246
795
792
404
542
221
180
934
852
550
6
519
645
295
311
148
306
218
941
461
638
949
197
296
919
505
595
563
67
98
453
210
903
157
506
519
988
839
802
706
437
95
929
836
919
748
25
290
621
906
482
48
781
2
353
299
817
550
773
201
365
119
621
740
400
414
288
507
392
709
111
403
7
91
835
521
343
172
418
506
500
277
860
667
655
57
383
788
948
908
946
169
805
277
784
659
989
450
80
126
809
664
904
549
342
129
393
997
620
572
791
411
755
562
434
535
581
864
140
561
785
364
251
847
56
206
756
977
488
917
399
782
964
949
842
791
879
743
691
830
982
97
731
757
826
971
921
830
963
250
236
103
594
606
745
751
30
421
32
995
247
479
137
677
462
285
719
187
243
943
672
104
862
374
644
859
670
584
27
439
753
354
7
996
27
56
17
583
189
446
236
981
223
431
200
328
158
272
850
943
582
973
620
877
406
541
596
153
779
538
373
172
243
972
920
480
257
335
312
748
187
532
276
396
288
184
215
118
853
112
975
710
947
907
653
575
867
143
700
479
405
831
678
932
304
939
728
677
677
877
456
87
121
255
248
272
884
990
43
135
654
948
660
946
463
346
668
908
830
716
704
625
515
643
154
75
711
699
801
26
557
582
679
546
630
381
825
652
791
117
508
527
296
378
19
898
167
518
242
52
916
547
811
556
441
445
223
858
683
856
796
733
282
587
863
850
578
868
960
11
271
276
905
811
842
656
673
671
55
50
740
194
887
813
786
881
380
159
800
424
146
263
412
290
667
931
253
947
788
53
756
984
778
413
116
900
497
123
894
496
711
658
239
149
346
390
271
560
663
685
707
604
394
837
898
856
564
254
797
972
160
247
765
62
559
467
221
113
499
568
523
877
814
435
789
867
910
490
214
958
70
413
660
972
286
535
916
42
60
604
381
155
744
916
340
384
881
498
858
633
200
598
344
257
676
380
299
767
849
193
365
668
943
74
774
390
539
446
392
543
228
668
433
558
471
679
898
221
16
619
23
904
215
302
701
705
942
830
58
277
238
832
451
566
321
767
462
336
6
749
974
95
625
41
130
711
428
771
414
729
749
262
891
707
31
653
266
965
753
224
169
620
504
914
120
993
500
316
307
175
684
641
41
744
466
717
743
251
671
900
853
475
703
959
345
655
580
825
503
612
558
183
69
314
549
438
896
337
331
960
518
339
653
8
796
34
589
89
565
599
384
535
989
285
772
861
860
88
997
731
573
724
839
597
669
76
102
390
965
308
85
496
624
432
439
603
467
941
817
20
501
344
244
581
980
411
607
956
606
705
204
856
883
308
20
838
957
161
533
787
73
832
581
34
675
709
771
910
544
139
944
113
555
898
775
958
369
800
944
290
458
597
663
286
335
690
673
744
359
432
257
529
388
977
362
978
541
444
6
366
67
116
283
464
630
937
51
683
932
407
192
571
389
707
101
959
958
840
244
899
613
431
457
345
761
245
271
152
652
374
6
873
905
289
597
80
341
814
860
606
748
799
498
36
127
978
971
234
984
823
245
883
788
915
634
532
284
241
495
627
816
548
786
260
170
660
590
360
966
329
249
47
95
834
677
438
610
894
303
932
563
492
931
57
485
518
788
132
396
176
605
461
971
281
313
109
618
589
688
393
885
967
658
930
925
703
335
410
952
355
87
161
703
625
664
342
140
465
468
902
334
453
861
438
918
121
205
291
172
759
583
56
257
199
881
890
803
431
564
98
929
324
300
891
509
376
614
964
608
500
228
643
865
869
838
59
877
700
229
2
716
937
320
560
839
100
189
322
299
687
713
473
69
973
896
113
1000
274
984
387
405
743
672
77
803
976
63
749
209
533
987
359
500
578
577
844
883
704
959
306
21
676
298
562
878
475
781
220
298
617
191
27
157
66
954
650
110
697
320
566
890
990
580
68
280
854
876
942
855
618
577
306
607
154
118
766
608
393
95
424
89
920
209
729
82
983
433
900
912
133
91
410
480
312
753
734
784
408
725
156
459
787
308
111
557
380
306
182
955
998
737
98
725
926
102
610
227
33
515
646
545
991
875
541
17
791
160
414
906
41
757
968
693
617
585
84
585
484
468
936
360
365
910
817
619
337
938
101
915
917
69
298
117
181
531
173
398
690
121
525
762
583
224
834
963
48
211
715
942
326
391
220
588
645
44
964
711
271
726
323
177
848
408
533
704
262
760
966
291
190
829
479
900
714
647
292
137
503
708
952
789
431
635
682
144
263
564
836
365
301
221
921
674
260
683
395
455
717
960
888
449
457
785
521
199
762
508
476
815
948
521
187
591
42
515
972
438
875
555
801
798
588
834
482
482
389
962
648
637
857
391
742
854
274
6
552
935
321
612
869
953
466
790
97
882
965
499
255
760
957
93
104
128
228
69
398
367
869
422
709
622
832
12
298
698
196
646
780
837
835
766
191
198
397
795
195
326
902
819
192
589
514
265
959
691
442
752
812
443
908
115
422
635
329
666
582
495
336
105
178
514
481
620
288
386
225
463
773
838
412
591
649
199
743
383
409
403
76
342
794
333
359
359
559
307
811
55
726
652
781
252
748
675
289
123
386
545
328
291
275
541
78
657
698
263
495
767
961
979
661
43
832
879
746
83
364
389
959
589
180
529
968
791
767
411
801
749
925
680
704
299
290
493
467
538
939
302
242
207
267
848
530
762
728
631
211
818
331
931
76
746
635
877
646
644
549
990
215
15
882
539
563
832
979
653
614
56
800
267
913
735
225
495
510
22
818
642
130
696
154
946
239
399
751
16
793
581
216
690
183
270
499
856
352
819
523
152
562
850
632
129
451
284
968
322
465
992
220
529
684
380
723
135
129
512
356
402
551
714
913
680
944
751
516
809
261
823
440
949
48
743
215
467
706
402
659
6
39
720
422
755
619
823
449
776
362
632
904
100
665
131
546
830
755
876
465
492
335
708
271
633
874
649
790
741
746
493
910
391
518
996
716
506
556
335
911
987
330
486
870
576
930
311
860
417
839
909
764
46
857
656
839
466
296
837
679
2
837
207
104
99
849
267
265
788
834
120
817
376
25
72
65
312
910
628
310
650
670
348
66
758
649
104
949
63
887
263
761
808
630
17
621
851
383
389
327
819
109
927
129
647
23
23
812
907
350
87
820
990
930
397
393
236
653
445
930
209
509
436
883
378
124
994
294
820
988
995
62
970
482
600
564
719
737
339
945
75
167
864
105
590
105
712
523
34
624
770
103
553
901
187
370
769
205
66
549
186
419
71
743
668
108
942
150
634
272
405
280
520
591
719
989
16
465
2
718
150
73
570
562
827
591
89
282
778
749
59
613
138
467
929
926
580
212
474
814
258
939
630
568
556
412
386
267
900
729
676
129
203
739
871
263
299
121
701
181
914
189
498
531
283
791
143
23
5
732
264
144
492
269
686
714
201
802
163
456
290
74
755
128
49
537
950
702
957
219
565
89
358
707
225
76
350
382
665
993
484
459
864
932
815
607
805
34
163
249
561
437
184
436
103
698
797
946
27
677
62
964
825
673
954
330
605
837
223
119
559
878
989
714
160
300
763
165
56
437
628
916
816
700
772
93
523
638
540
959
947
757
895
674
653
630
982
328
399
824
305
800
523
369
379
278
871
607
569
501
52
609
261
68
415
462
647
712
839
171
292
243
586
544
98
522
386
738
761
262
72
340
828
1000
780
200
373
315
703
100
327
336
94
934
503
195
392
330
436
33
551
504
81
945
349
41
823
485
381
372
15
106
568
384
448
506
280
646
291
320
661
331
826
971
285
379
141
177
209
293
661
854
505
819
655
302
341
465
205
30
870
463
127
48
787
145
438
559
739
832
698
45
826
186
533
933
225
341
422
334
335
725
886
193
661
998
7
939
665
759
516
738
577
404
943
83
166
765
477
943
704
754
966
854
357
743
516
133
93
601
619
754
350
387
510
351
726
920
918
922
1
59
730
120
759
833
681
915
607
940
572
25
864
876
266
530
715
978
286
192
216
941
140
303
295
69
354
496
941
921
522
845
175
114
744
575
951
283
49
566
451
128
519
20
653
575
256
942
838
256
670
893
827
486
454
228
65
91
374
606
869
955
334
779
746
791
872
254
533
412
62
411
482
716
493
278
817
576
717
111
567
761
825
694
542
65
510
245
839
234
268
5
827
410
510
418
33
943
865
829
103
910
33
254
964
731
357
982
111
959
117
837
575
65
520
170
952
931
460
356
414
424
640
980
442
366
757
442
245
874
891
665
16
446
742
876
552
224
376
930
211
452
725
64
27
558
328
918
793
87
956
660
888
952
186
414
75
879
471
818
920
313
481
899
373
194
670
371
585
17
749
427
702
177
964
825
87
106
173
375
20
907
379
549
873
964
744
907
876
574
536
479
375
992
885
768
106
665
610
907
650
523
249
915
781
636
48
647
863
653
246
145
272
317
668
615
232
478
54
264
438
774
918
739
436
744
804
2
742
235
513
790
333
455
419
340
162
663
660
232
861
497
904
726
56
40
585
631
82
481
329
539
49
154
155
653
309
813
16
721
878
341
212
387
873
823
42
317
582
774
392
24
120
525
982
250
98
715
735
189
233
913
237
263
78
982
587
557
894
460
837
405
409
574
310
134
568
555
597
561
122
255
522
964
118
51
836
317
742
594
682
481
126
407
557
305
458
763
844
220
884
729
802
480
575
983
291
452
727
405
179
421
628
786
206
640
683
287
433
81
647
317
678
609
435
168
202
725
589
488
723
839
138
632
230
155
195
156
279
375
731
512
211
349
127
677
19
321
698
946
725
553
739
493
881
103
602
843
253
767
171
418
464
235
165
112
524
572
50
550
633
461
863
391
575
594
931
198
203
434
636
332
265
637
789
436
51
489
233
994
11
410
864
426
507
889
580
620
301
137
800
217
647
10
15
149
193
70
350
339
37
789
128
777
354
848
69
554
634
670
878
58
704
175
372
311
777
756
434
49
300
448
352
509
238
990
988
197
284
801
734
464
733
634
798
602
978
334
245
80
591
36
846
959
641
340
165
612
913
582
944
772
270
25
423
680
207
899
156
898
58
682
29
680
258
714
653
571
321
623
844
529
355
426
911
715
853
407
645
705
162
126
206
550
265
278
27
482
152
557
958
704
569
193
565
960
615
775
656
578
517
531
247
279
976
368
917
311
268
379
879
309
586
801
501
670
807
546
508
461
656
611
251
481
925
459
142
307
104
1000
634
275
781
47
372
261
319
604
910
8
148
126
773
332
455
266
653
120
236
490
293
203
232
421
484
117
364
198
624
183
723
224
277
427
296
877
158
609
988
387
316
987
849
249
924
916
355
512
469
502
777
31
757
657
459
843
733
318
32
177
461
821
940
448
303
248
648
474
491
111
904
944
851
249
835
647
104
928
68
49
17
863
735
436
226
712
34
501
295
342
521
102
350
428
68
698
38
748
917
588
813
239
23
103
735
936
664
21
632
693
430
547
626
689
737
413
410
68
540
73
482
519
470
659
676
833
636
114
986
208
771
410
495
278
88
70
453
289
367
765
555
467
750
470
955
987
778
866
869
705
136
669
295
127
189
99
992
742
837
330
651
410
993
108
424
944
822
573
898
179
159
488
930
191
882
256
782
11
849
65
836
235
70
374
962
681
678
869
312
717
337
602
395
165
107
405
857
581
946
995
364
25
247
147
658
698
533
96
949
764
77
822
156
678
647
928
212
372
462
644
624
538
522
798
396
967
753
200
134
717
640
623
110
716
431
148
746
540
546
915
892
212
302
415
44
461
692
758
665
737
754
845
61
432
126
414
11
877
506
314
730
882
863
111
320
751
971
136
8
325
137
651
968
297
997
5
947
914
625
163
29
6
913
255
902
523
36
1
876
756
162
73
965
663
421
222
316
280
509
110
520
716
558
200
545
978
477
797
569
970
284
489
422
376
420
42
614
4
960
589
551
7
323
285
586
511
695
746
961
355
209
959
4
4
120
500
303
630
338
442
721
867
943
144
344
164
160
70
521
258
674
543
469
585
396
748
331
317
947
288
55
95
667
347
940
206
370
63
84
382
135
947
846
272
213
654
646
887
246
483
982
260
295
922
805
599
374
673
257
536
883
216
664
875
660
155
633
641
710
325
335
85
253
741
852
696
106
338
711
718
30
35
536
65
736
528
857
180
624
324
861
729
250
144
532
316
642
26
286
318
569
530
125
665
216
778
273
369
838
838
39
906
555
250
271
342
318
365
839
549
38
460
512
167
430
695
691
763
593
574
445
594
433
858
547
601
494
690
518
362
949
47
464
826
718
262
749
349
7
747
64
995
411
153
484
715
946
170
997
583
866
332
879
894
909
397
92
146
732
792
709
265
673
940
784
896
476
154
770
870
124
153
719
403
175
960
648
80
533
368
871
458
693
659
801
821
358
658
369
821
58
626
451
112
457
750
232
798
373
131
412
793
511
920
310
144
929
344
427
808
797
887
920
870
451
152
420
259
758
507
344
75
232
927
305
764
292
294
619
926
130
953
252
273
85
890
565
730
267
595
640
431
717
494
667
134
369
400
261
401
120
198
221
709
755
41
230
357
790
688
624
211
965
599
984
812
495
68
24
930
868
669
174
58
473
796
577
226
894
588
124
297
494
329
435
946
628
936
358
582
289
627
730
359
950
849
768
698
488
5
755
443
550
940
962
473
138
702
468
181
849
828
781
947
137
635
499
6
807
72
257
627
89
780
88
808
337
515
613
960
816
748
527
718
694
615
209
316
178
702
786
231
170
284
482
72
153
498
33
104
798
376
591
570
5
543
540
395
687
233
676
250
423
931
497
201
236
562
574
340
277
540
259
884
325
610
801
663
247
432
525
315
170
824
151
258
787
628
785
207
460
442
217
589
76
893
750
324
903
957
470
331
789
908
519
235
282
819
413
256
214
139
265
170
784
224
116
582
320
131
560
871
114
585
105
613
376
87
682
413
343
766
634
646
759
598
759
952
426
452
698
507
290
727
37
751
212
677
240
924
776
745
667
435
640
62
591
842
237
93
419
472
667
50
108
29
714
921
928
702
749
274
547
234
291
840
86
473
582
836
233
780
293
723
137
24
679
241
439
568
869
651
577
765
865
396
523
500
288
634
606
597
206
571
111
321
606
450
289
587
683
637
175
27
11
110
326
359
759
875
592
66
624
51
560
890
693
394
171
963
723
176
792
127
437
808
236
381
105
402
333
474
853
839
473
152
996
116
905
900
804
67
825
497
127
273
766
918
908
716
162
442
830
415
187
802
929
344
155
936
162
623
790
710
406
621
123
973
21
399
87
909
855
754
291
619
58
829
647
367
575
149
674
306
978
791
796
217
36
956
516
852
553
243
171
850
450
973
971
942
724
148
937
449
343
735
554
418
675
625
396
521
606
187
361
206
980
911
874
475
927
450
849
830
413
986
665
903
130
971
166
463
914
654
135
62
565
967
461
181
221
694
869
694
622
49
672
294
983
200
865
348
872
514
184
970
814
292
98
73
73
105
888
476
172
809
789
959
127
154
678
114
269
299
427
124
93
865
879
405
443
327
407
347
316
903
717
253
440
254
790
826
726
241
770
150
786
512
633
621
164
580
615
287
410
831
945
487
797
834
380
510
985
686
536
654
574
655
436
635
351
646
943
217
915
33
173
190
433
802
441
661
484
232
22
704
185
25
119
747
612
42
995
14
175
297
181
60
234
201
767
750
416
297
642
677
590
421
255
629
296
595
932
657
956
505
611
138
373
851
460
657
564
260
279
412
853
831
321
223
52
835
153
71
526
127
750
340
58
967
734
450
207
366
219
183
561
210
598
859
600
878
970
232
751
414
97
714
192
123
255
506
177
895
578
227
874
210
277
501
645
947
536
23
72
532
737
847
631
973
300
770
546
589
757
851
524
432
763
132
763
891
111
575
47
717
257
41
453
185
838
524
486
745
822
897
997
991
992
315
749
259
289
410
717
199
522
445
452
541
239
853
426
879
776
643
557
204
403
271
211
663
497
179
872
287
377
184
646
970
168
777
841
768
990
647
601
201
773
34
896
515
59
998
70
312
982
495
722
706
54
809
391
465
246
988
232
892
383
734
615
418
988
106
397
483
551
219
699
814
953
122
240
661
490
373
689
463
657
315
421
970
799
728
244
878
974
541
129
223
946
66
368
286
17
764
262
349
236
333
646
724
922
196
59
684
775
518
434
28
292
926
118
802
616
496
516
561
790
437
30
678
594
695
568
301
86
343
439
298
536
253
888
787
135
801
786
117
223
108
344
624
95
934
721
356
407
690
679
897
127
525
185
505
288
871
907
247
812
896
770
221
9
127
209
304
615
758
148
321
212
716
427
40
545
130
63
43
845
158
77
59
46
81
171
488
302
132
404
635
356
105
793
372
892
10
677
337
575
554
342
135
598
224
853
229
966
245
950
34
149
747
485
764
15
196
226
462
971
787
94
26
246
648
585
721
473
333
444
10
967
218
101
437
685
294
166
528
421
645
218
379
849
437
544
759
50
516
115
80
130
302
566
354
95
676
463
315
554
849
171
961
138
512
747
765
468
394
160
774
849
696
437
730
884
831
982
601
305
82
974
884
741
195
563
330
909
716
736
751
829
834
527
206
459
46
512
906
78
847
717
789
674
228
251
493
821
410
448
524
537
767
580
919
126
867
883
78
60
811
392
451
927
65
687
745
704
505
580
271
463
202
366
762
121
761
986
345
430
858
470
961
624
470
192
234
964
183
652
370
167
493
454
378
465
350
888
927
43
556
42
159
619
988
779
913
220
500
239
556
108
74
92
178
759
294
93
402
525
86
892
401
477
403
563
359
444
273
871
849
102
116
359
613
463
423
907
298
526
143
287
761
52
18
685
64
361
846
244
760
879
590
662
357
745
563
534
594
529
722
149
512
537
52
577
225
549
788
860
795
844
931
318
54
37
544
847
58
47
824
820
758
42
364
51
718
647
286
549
785
869
658
542
797
410
418
454
105
928
882
135
510
451
3
288
576
717
864
858
950
157
283
333
330
740
114
794
297
827
980
527
995
940
423
193
754
377
555
589
963
719
697
504
568
15
640
956
279
944
874
780
404
659
139
958
602
876
933
445
38
506
610
447
254
621
385
790
116
322
67
478
896
210
339
572
558
667
80
974
837
141
173
710
189
138
954
728
277
993
686
995
563
627
50
399
549
985
715
514
219
625
201
224
26
263
1
645
692
730
226
917
307
856
973
176
570
316
208
285
75
863
856
769
249
419
606
941
962
318
786
18
972
632
517
380
756
672
841
299
989
523
846
160
147
723
60
154
787
83
239
613
277
831
496
490
971
71
541
728
311
754
476
113
1000
103
476
360
305
101
208
795
589
375
111
435
334
385
432
27
491
725
690
30
6
893
19
851
904
108
141
741
42
224
322
215
174
774
851
381
446
544
583
500
174
342
190
607
788
425
547
189
738
624
725
628
143
236
371
220
110
683
931
885
974
428
590
189
559
616
800
50
789
424
541
40
892
460
56
643
986
416
633
291
941
944
466
181
881
355
701
128
213
250
180
116
683
956
320
123
897
946
374
612
971
358
214
737
803
309
277
172
15
765
144
935
991
498
387
532
470
122
982
997
566
943
241
95
249
793
81
832
605
842
276
688
245
837
281
127
80
763
786
795
493
854
209
115
118
216
68
642
279
896
281
498
941
556
201
700
164
941
568
276
917
388
525
310
655
880
256
568
857
739
977
83
600
22
291
646
751
399
127
247
813
713
891
797
208
511
546
196
399
902
753
694
583
349
38
408
58
844
826
39
241
98
910
488
932
155
96
843
120
76
500
660
924
132
349
675
843
42
810
844
344
873
877
656
362
272
970
498
560
164
553
370
634
800
923
599
586
475
754
928
782
369
117
645
97
201
752
346
547
873
952
514
65
421
315
90
983
597
242
618
96
720
159
768
567
717
191
55
872
625
187
739
19
758
616
275
377
727
994
971
559
945
777
708
507
531
124
622
844
380
117
390
674
431
821
625
333
747
880
687
576
697
410
325
579
209
226
975
945
630
807
41
730
332
719
905
327
513
978
232
829
279
703
146
348
4
736
718
217
67
920
285
950
309
71
665
212
824
773
675
607
197
263
717
434
601
658
373
193
765
450
960
535
977
206
705
833
702
680
165
413
248
547
921
251
881
276
185
725
135
796
257
764
664
89
680
403
280
668
444
51
142
682
887
177
354
678
421
574
514
372
847
553
97
993
276
412
803
184
981
984
320
794
652
583
157
863
887
74
810
422
116
473
540
948
166
353
94
20
593
462
138
797
625
386
973
171
549
93
877
584
564
58
825
458
259
731
103
442
395
834
30
683
705
440
665
138
360
793
797
875
361
208
735
317
796
761
616
802
353
402
294
314
677
966
349
903
455
933
538
581
499
130
290
342
972
820
815
664
716
759
877
1
722
130
420
949
770
205
749
251
726
566
307
203
979
312
429
541
474
651
804
573
394
177
238
908
899
706
836
821
698
519
157
849
381
493
32
316
439
22
129
255
667
942
96
804
286
321
393
910
477
789
577
552
405
532
886
522
566
740
355
780
785
521
26
834
451
637
256
516
824
218
74
322
745
445
630
700
785
326
446
513
18
305
471
7
331
38
363
191
232
873
977
479
948
469
913
84
914
474
10
920
599
561
422
886
626
93
376
115
559
156
284
251
311
916
411
154
487
753
879
693
913
85
430
152
327
708
41
611
20
557
363
954
579
789
347
55
762
171
627
717
59
504
263
946
713
224
187
270
549
368
866
583
4
942
370
759
385
724
946
273
158
554
280
994
151
840
293
463
200
613
568
568
702
410
905
363
966
19
237
772
76
976
868
672
750
376
129
209
403
252
109
125
871
670
572
154
486
962
797
867
293
857
493
86
775
284
611
660
773
927
341
973
890
623
965
520
339
942
835
605
367
302
750
794
932
550
386
622
367
999
703
622
336
756
472
511
837
930
455
732
526
685
353
993
952
435
727
153
92
933
819
398
867
243
417
563
97
649
709
597
218
584
67
233
22
936
950
572
806
79
179
710
242
465
398
958
575
185
806
642
181
470
210
971
941
894
273
805
55
671
119
855
253
809
874
286
237
54
234
719
530
641
455
416
330
499
429
909
28
662
253
667
258
170
80
392
194
616
139
395
252
182
689
393
146
976
594
313
430
396
236
407
374
599
614
411
317
490
619
706
484
330
509
643
14
604
739
519
794
902
498
559
685
155
838
691
358
851
635
536
670
931
242
634
703
402
930
458
702
439
203
771
749
851
809
192
953
367
884
791
26
24
617
681
71
423
335
286
639
442
191
826
576
388
677
376
522
296
183
452
793
56
623
98
43
893
879
47
406
744
964
252
316
767
755
906
53
927
329
609
273
187
23
540
923
444
115
779
448
139
618
664
446
78
124
210
840
43
466
323
845
10
835
585
542
535
429
605
691
64
177
477
346
409
772
108
248
671
808
399
117
627
299
593
504
454
420
521
94
484
740
483
95
680
4
737
257
702
714
868
817
482
39
955
681
489
63
864
105
657
29
640
226
306
801
57
12
49
505
24
958
993
384
250
862
324
912
164
992
57
463
992
768
731
304
983
154
941
356
503
793
66
459
164
755
215
667
479
560
111
167
745
705
542
1000
734
61
271
772
696
614
362
955
125
100
782
167
26
358
345
637
858
589
124
42
196
326
353
603
476
934
560
21
995
415
420
739
539
129
883
490
49
702
972
299
764
90
335
983
261
197
222
338
760
751
239
800
916
688
70
976
256
345
928
345
331
153
825
206
955
454
490
516
440
424
78
527
844
209
445
571
40
645
381
259
514
479
992
321
223
457
221
755
213
502
71
868
393
410
260
526
228
574
141
647
745
708
901
210
702
352
777
92
841
347
272
483
840
752
181
974
769
357
726
807
137
16
968
129
170
283
640
242
719
579
911
995
221
427
226
562
546
918
932
455
293
334
299
186
609
372
552
642
906
858
209
791
859
488
77
256
606
753
970
888
190
84
335
199
771
519
226
347
812
576
236
938
869
443
135
960
661
136
969
758
383
353
934
903
899
670
509
580
504
377
775
794
128
593
32
839
384
638
764
675
535
224
651
999
278
417
8
106
995
384
409
799
255
278
55
404
251
936
611
293
194
438
339
45
288
50
913
508
256
51
765
63
264
111
255
605
660
263
212
407
639
225
178
39
197
970
657
232
160
663
489
171
477
415
289
114
671
673
334
718
148
3
899
188
181
184
589
126
845
746
959
89
171
303
304
290
230
551
20
281
55
381
665
161
985
667
291
844
759
501
556
155
216
451
343
392
752
876
109
551
67
52
587
346
251
975
302
433
549
806
286
501
68
716
715
784
379
706
46
341
526
922
471
375
174
119
963
206
49
57
917
673
955
975
589
150
550
223
360
227
890
564
754
100
321
596
801
824
120
564
474
987
896
759
245
82
813
773
10
980
970
580
878
969
267
239
902
734
699
850
561
206
762
547
727
81
988
220
402
985
825
401
996
620
525
506
846
659
922
428
292
722
247
77
180
941
532
294
462
866
496
914
976
786
994
658
377
466
710
216
159
955
892
741
822
786
856
417
248
579
415
159
455
395
9
4
866
50
977
414
267
10
903
32
270
224
886
378
620
836
301
850
136
340
96
637
186
707
409
305
782
852
16
66
741
810
272
489
275
67
274
153
504
500
355
248
971
333
505
584
667
526
653
689
116
191
640
884
845
563
64
94
167
902
28
415
792
464
422
91
26
124
545
886
353
556
344
826
957
845
222
42
609
854
496
457
341
963
488
6
99
795
211
985
695
629
715
425
141
100
387
862
960
328
691
469
762
880
207
344
744
244
467
787
990
608
160
921
616
363
6
988
478
905
319
870
738
69
899
280
854
267
605
793
166
383
614
298
977
383
160
215
304
98
287
660
988
858
145
411
712
859
152
749
850
717
559
341
796
259
551
66
785
687
353
269
238
42
441
326
563
28
17
651
965
633
684
156
791
680
813
443
638
29
37
622
589
178
82
944
320
480
548
963
87
917
817
399
941
720
807
426
228
759
602
857
666
899
198
825
664
879
649
699
332
676
743
69
819
270
994
703
663
453
419
153
897
595
700
354
604
93
524
38
128
637
191
974
922
265
175
750
806
362
121
716
543
582
33
5
153
594
275
253
962
860
380
754
42
33
737
304
384
199
296
862
875
627
711
979
570
955
665
129
877
961
324
619
359
617
749
654
472
63
450
945
690
240
752
557
211
419
625
327
450
562
271
252
489
696
894
312
40
768
503
771
974
639
410
974
164
712
581
634
163
442
614
562
981
104
492
274
243
181
35
74
382
201
280
239
671
644
539
920
912
471
535
871
364
444
617
256
85
757
573
658
638
556
550
925
835
408
867
56
306
155
650
92
993
945
747
864
913
680
260
495
254
91
508
618
501
498
322
851
243
503
417
562
75
514
10
793
572
222
661
938
738
542
43
988
899
482
851
432
723
568
75
726
14
424
947
926
263
222
622
181
341
451
860
750
952
464
29
799
348
949
325
745
827
478
87
410
210
416
560
734
704
629
970
59
195
935
725
975
420
624
45
40
305
232
16
668
374
177
899
767
827
987
927
193
306
150
782
179
488
393
374
926
143
110
871
759
903
976
827
424
433
174
284
328
602
584
649
298
4
474
563
597
751
399
566
380
714
26
727
190
90
21
770
527
451
813
753
54
307
530
370
525
607
61
802
26
631
421
774
536
304
162
530
485
414
925
925
276
434
660
637
408
158
191
476
526
303
583
659
967
677
41
44
608
160
323
681
559
790
557
495
190
332
134
223
764
114
547
392
728
368
370
839
126
955
16
194
740
576
590
901
29
658
381
329
401
335
48
865
178
583
605
773
775
586
524
812
982
241
774
604
180
888
364
220
374
505
583
706
368
956
902
406
924
80
141
822
856
104
601
415
497
868
780
623
902
98
302
16
476
152
49
644
846
445
389
675
535
493
926
797
276
447
678
713
746
524
695
218
83
110
81
335
482
500
192
146
868
119
939
122
999
251
93
329
577
562
436
451
176
885
129
35
890
392
520
205
875
168
945
20
833
34
978
551
697
254
794
230
946
17
330
134
520
917
447
83
638
172
233
890
512
268
907
452
16
238
878
895
403
868
296
196
197
111
352
449
240
336
5
143
536
507
730
540
82
260
450
843
654
690
778
664
7
568
540
420
983
935
788
168
755
386
792
880
137
965
594
788
34
711
543
129
209
139
736
308
773
295
844
595
63
835
686
712
791
224
250
217
552
827
243
499
793
903
667
901
94
744
10
426
788
384
137
119
853
701
848
769
765
879
832
76
69
129
775
13
938
677
206
743
394
509
319
568
609
370
874
137
14
346
438
304
355
47
482
383
631
842
402
154
206
929
215
143
673
816
400
887
611
797
690
46
366
947
821
811
172
909
973
388
876
166
938
618
651
95
240
385
776
507
630
663
731
197
947
733
859
208
112
781
457
622
468
751
64
660
575
191
415
741
730
592
449
357
237
283
219
786
66
237
428
281
536
798
393
296
588
878
650
65
135
844
256
85
31
879
253
241
34
683
915
7
751
239
675
826
627
993
668
663
339
178
514
678
523
601
91
786
909
793
193
236
990
156
49
504
571
621
786
388
499
331
555
771
217
714
657
413
317
863
297
300
426
78
907
180
845
51
614
7
843
410
605
645
9
774
882
895
139
101
65
552
617
113
414
375
493
684
133
997
384
682
169
769
743
739
105
259
824
256
925
318
981
735
262
340
492
942
286
105
851
803
823
539
530
526
832
79
579
235
477
864
672
567
429
658
784
744
11
105
284
474
556
76
252
544
447
751
502
724
122
442
620
399
920
989
540
177
97
645
815
981
960
19
198
275
861
92
320
178
986
464
914
970
450
312
569
21
665
630
264
9
218
990
697
139
688
384
130
762
192
348
813
482
69
289
87
423
46
670
215
196
275
698
710
903
353
605
651
416
416
772
870
60
41
527
585
684
41
951
871
422
948
337
682
802
717
276
55
864
260
94
396
847
312
521
372
192
817
562
872
694
148
31
247
564
279
784
760
782
682
48
650
650
969
375
910
544
54
583
397
38
653
541
695
411
382
616
438
298
302
229
137
279
557
610
728
469
253
5
282
813
527
119
858
897
619
555
304
106
283
191
747
631
485
992
621
74
157
417
14
436
386
507
705
579
273
19
557
945
726
729
262
52
210
331
302
981
423
780
496
233
865
885
547
368
129
475
340
739
660
4
717
405
148
291
367
397
370
590
33
39
875
840
972
343
235
249
164
118
772
574
156
301
781
777
306
603
169
290
203
139
78
617
754
853
2
631
371
504
904
2
871
154
111
959
658
212
25
60
926
39
105
956
158
796
241
923
760
906
206
220
634
433
604
504
474
322
369
193
530
670
710
35
291
218
823
81
660
378
978
252
466
344
739
489
488
531
924
898
437
685
841
473
297
499
915
444
556
766
68
990
611
913
284
680
803
465
26
821
603
756
150
952
658
505
177
500
438
550
725
51
713
727
548
228
242
372
318
889
471
687
667
941
831
578
336
806
21
779
595
663
424
914
979
53
237
632
659
802
497
550
388
652
325
946
651
425
470
6
476
169
783
910
362
308
452
186
342
333
611
4
931
511
341
768
867
378
563
504
365
87
134
666
237
1000
250
760
556
986
119
877
615
202
711
961
662
543
3
820
376
983
666
230
226
234
540
634
446
764
959
631
686
639
429
61
935
139
376
404
583
807
460
435
447
971
14
786
691
930
324
446
260
588
701
718
196
180
968
339
969
868
377
439
172
47
197
152
724
49
388
433
736
498
408
565
910
903
536
54
164
167
273
973
728
187
44
332
921
57
515
613
343
941
657
296
463
162
693
485
503
966
954
950
145
722
642
91
641
612
634
941
907
923
641
479
730
417
381
94
386
938
410
362
935
934
665
286
900
659
303
785
359
14
605
150
421
807
842
244
867
669
753
31
538
136
806
108
381
314
158
730
769
21
427
635
242
958
677
462
475
693
352
340
991
43
606
738
384
386
373
45
607
724
180
733
225
325
582
42
6
315
459
617
614
610
701
161
834
251
347
414
823
687
73
276
708
226
264
916
151
717
62
32
704
330
435
309
511
283
905
194
97
263
979
995
683
116
685
656
667
798
699
286
815
589
694
652
91
174
224
297
91
793
468
288
971
128
11
197
101
648
292
212
197
532
45
361
670
394
143
513
368
495
983
825
735
645
904
784
15
72
434
915
323
736
503
778
586
329
644
317
84
739
405
68
954
683
494
733
470
762
337
349
158
992
516
557
461
920
3
445
923
21
2
248
394
262
508
900
462
247
860
908
992
75
766
631
209
16
829
178
581
928
47
515
824
884
900
846
358
472
259
227
36
868
859
280
110
319
899
605
249
644
935
489
172
810
528
688
108
416
509
978
580
506
281
521
138
780
773
236
268
460
675
397
750
944
858
570
368
939
112
414
105
635
584
925
196
997
728
164
387
570
410
